date,value,raw_value,unit,approval_status,qualifiers,last_modified,time_series_id
2013-07-29,826.5,,ft,Approved,,2025-03-11T21:18:57.099472+00:00,e9286e10fdf94482b1ae5281611c9dcc
2013-07-30,826.4,,ft,Approved,,2025-03-11T21:18:57.099472+00:00,e9286e10fdf94482b1ae5281611c9dcc
2013-07-31,826.28,,ft,Approved,,2025-03-11T21:18:57.099472+00:00,e9286e10fdf94482b1ae5281611c9dcc
2013-08-01,826.2,,ft,Approved,,2025-03-11T21:18:57.099472+00:00,e9286e10fdf94482b1ae5281611c9dcc
2013-08-02,826.14,,ft,Approved,,2025-03-11T21:18:57.099472+00:00,e9286e10fdf94482b1ae5281611c9dcc
2013-08-03,826.08,,ft,Approved,,2025-03-11T21:18:57.099472+00:00,e9286e10fdf94482b1ae5281611c9dcc
2013-08-04,826.03,,ft,Approved,,2025-03-11T21:18:57.099472+00:00,e9286e10fdf94482b1ae5281611c9dcc
2013-08-05,825.99,,ft,Approved,,2025-03-11T21:18:57.099472+00:00,e9286e10fdf94482b1ae5281611c9dcc
2013-08-06,825.95,,ft,Approved,,2025-03-11T21:18:57.099472+00:00,e9286e10fdf94482b1ae5281611c9dcc
2013-08-07,825.94,,ft,Approved,,2025-03-11T21:18:57.099472+00:00,e9286e10fdf94482b1ae5281611c9dcc
2013-08-08,825.92,,ft,Approved,,2025-03-11T21:18:57.099472+00:00,e9286e10fdf94482b1ae5281611c9dcc
2013-08-09,825.9,,ft,Approved,,2025-03-11T21:18:57.099472+00:00,e9286e10fdf94482b1ae5281611c9dcc
2013-08-10,825.89,,ft,Approved,,2025-03-11T21:18:57.099472+00:00,e9286e10fdf94482b1ae5281611c9dcc
2013-08-11,825.88,,ft,Approved,,2025-03-11T21:18:57.099472+00:00,e9286e10fdf94482b1ae5281611c9dcc
2013-08-12,825.86,,ft,Approved,,2025-03-11T21:18:57.099472+00:00,e9286e10fdf94482b1ae5281611c9dcc
2013-08-13,825.84,,ft,Approved,,2025-03-11T21:18:57.099472+00:00,e9286e10fdf94482b1ae5281611c9dcc
2013-08-14,825.82,,ft,Approved,,2025-03-11T21:18:57.099472+00:00,e9286e10fdf94482b1ae5281611c9dcc
2013-08-15,825.81,,ft,Approved,,2025-03-11T21:18:57.099472+00:00,e9286e10fdf94482b1ae5281611c9dcc
2013-08-16,825.82,,ft,Approved,,2025-03-11T21:18:57.099472+00:00,e9286e10fdf94482b1ae5281611c9dcc
2013-08-17,825.81,,ft,Approved,,2025-03-11T21:18:57.099472+00:00,e9286e10fdf94482b1ae5281611c9dcc
2013-08-18,825.79,,ft,Approved,,2025-03-11T21:18:57.099472+00:00,e9286e10fdf94482b1ae5281611c9dcc
2013-08-19,825.77,,ft,Approved,,2025-03-11T21:18:57.099472+00:00,e9286e10fdf94482b1ae5281611c9dcc
2013-08-20,825.75,,ft,Approved,,2025-03-11T21:18:57.099472+00:00,e9286e10fdf94482b1ae5281611c9dcc
2013-08-21,825.73,,ft,Approved,,2025-03-11T21:18:57.099472+00:00,e9286e10fdf94482b1ae5281611c9dcc
2013-08-22,825.72,,ft,Approved,,2025-03-11T21:18:57.099472+00:00,e9286e10fdf94482b1ae5281611c9dcc
2013-08-23,825.7,,ft,Approved,,2025-03-11T21:18:57.099472+00:00,e9286e10fdf94482b1ae5281611c9dcc
2013-08-24,825.69,,ft,Approved,,2025-03-11T21:18:57.099472+00:00,e9286e10fdf94482b1ae5281611c9dcc
2013-08-25,825.67,,ft,Approved,,2025-03-11T21:18:57.099472+00:00,e9286e10fdf94482b1ae5281611c9dcc
2013-08-26,825.66,,ft,Approved,,2025-03-11T21:18:57.099472+00:00,e9286e10fdf94482b1ae5281611c9dcc
2013-08-27,825.65,,ft,Approved,,2025-03-11T21:18:57.099472+00:00,e9286e10fdf94482b1ae5281611c9dcc
2013-08-28,825.65,,ft,Approved,,2025-03-11T21:18:57.099472+00:00,e9286e10fdf94482b1ae5281611c9dcc
2013-08-29,825.65,,ft,Approved,,2025-03-11T21:18:57.099472+00:00,e9286e10fdf94482b1ae5281611c9dcc
2013-08-30,825.64,,ft,Approved,,2025-03-11T21:18:57.099472+00:00,e9286e10fdf94482b1ae5281611c9dcc
2013-08-31,825.61,,ft,Approved,,2025-03-11T21:18:57.099472+00:00,e9286e10fdf94482b1ae5281611c9dcc
2013-09-01,825.59,,ft,Approved,,2025-03-11T21:18:57.099472+00:00,e9286e10fdf94482b1ae5281611c9dcc
2013-09-02,825.57,,ft,Approved,,2025-03-11T21:18:57.099472+00:00,e9286e10fdf94482b1ae5281611c9dcc
2013-09-03,825.69,,ft,Approved,,2025-03-11T21:18:57.099472+00:00,e9286e10fdf94482b1ae5281611c9dcc
2013-09-04,825.78,,ft,Approved,,2025-03-11T21:18:57.099472+00:00,e9286e10fdf94482b1ae5281611c9dcc
2013-09-05,825.9,,ft,Approved,,2025-03-11T21:18:57.099472+00:00,e9286e10fdf94482b1ae5281611c9dcc
2013-09-06,825.91,,ft,Approved,,2025-03-11T21:18:57.099472+00:00,e9286e10fdf94482b1ae5281611c9dcc
2013-09-07,825.89,,ft,Approved,,2025-03-11T21:18:57.099472+00:00,e9286e10fdf94482b1ae5281611c9dcc
2013-09-08,825.89,,ft,Approved,,2025-03-11T21:18:57.099472+00:00,e9286e10fdf94482b1ae5281611c9dcc
2013-09-09,825.89,,ft,Approved,,2025-03-11T21:18:57.099472+00:00,e9286e10fdf94482b1ae5281611c9dcc
2013-09-10,825.87,,ft,Approved,,2025-03-11T21:18:57.099472+00:00,e9286e10fdf94482b1ae5281611c9dcc
2013-09-11,825.86,,ft,Approved,,2025-03-11T21:18:57.099472+00:00,e9286e10fdf94482b1ae5281611c9dcc
2013-09-12,825.85,,ft,Approved,,2025-03-11T21:18:57.099472+00:00,e9286e10fdf94482b1ae5281611c9dcc
2013-09-13,825.83,,ft,Approved,,2025-03-11T21:18:57.099472+00:00,e9286e10fdf94482b1ae5281611c9dcc
2013-09-14,825.81,,ft,Approved,,2025-03-11T21:18:57.099472+00:00,e9286e10fdf94482b1ae5281611c9dcc
2013-09-15,825.79,,ft,Approved,,2025-03-11T21:18:57.099472+00:00,e9286e10fdf94482b1ae5281611c9dcc
2013-09-16,825.78,,ft,Approved,,2025-03-11T21:18:57.099472+00:00,e9286e10fdf94482b1ae5281611c9dcc
2013-09-17,825.78,,ft,Approved,,2025-03-11T21:18:57.099472+00:00,e9286e10fdf94482b1ae5281611c9dcc
2013-09-18,825.79,,ft,Approved,,2025-03-11T21:18:57.099472+00:00,e9286e10fdf94482b1ae5281611c9dcc
2013-09-19,825.78,,ft,Approved,,2025-03-11T21:18:57.099472+00:00,e9286e10fdf94482b1ae5281611c9dcc
2013-09-20,826.16,,ft,Approved,,2025-03-11T21:18:57.099472+00:00,e9286e10fdf94482b1ae5281611c9dcc
2013-09-21,827.16,,ft,Approved,,2025-03-11T21:18:57.099472+00:00,e9286e10fdf94482b1ae5281611c9dcc
2013-09-22,826.61,,ft,Approved,,2025-03-11T21:18:57.099472+00:00,e9286e10fdf94482b1ae5281611c9dcc
2013-09-23,826.33,,ft,Approved,,2025-03-11T21:18:57.099472+00:00,e9286e10fdf94482b1ae5281611c9dcc
2013-09-24,826.18,,ft,Approved,,2025-03-11T21:18:57.099472+00:00,e9286e10fdf94482b1ae5281611c9dcc
2013-09-25,826.08,,ft,Approved,,2025-03-11T21:18:57.099472+00:00,e9286e10fdf94482b1ae5281611c9dcc
2013-09-26,826.02,,ft,Approved,,2025-03-11T21:18:57.099472+00:00,e9286e10fdf94482b1ae5281611c9dcc
2013-09-27,826.0,,ft,Approved,,2025-03-11T21:18:57.099472+00:00,e9286e10fdf94482b1ae5281611c9dcc
2013-09-28,826.35,,ft,Approved,,2025-03-11T21:18:57.099472+00:00,e9286e10fdf94482b1ae5281611c9dcc
2013-09-29,828.7,,ft,Approved,,2025-03-11T21:18:57.099472+00:00,e9286e10fdf94482b1ae5281611c9dcc
2013-09-30,827.23,,ft,Approved,,2025-03-11T21:18:57.099472+00:00,e9286e10fdf94482b1ae5281611c9dcc
2013-10-01,826.7,,ft,Approved,,2025-03-11T21:18:57.099472+00:00,e9286e10fdf94482b1ae5281611c9dcc
2013-10-02,826.51,,ft,Approved,,2025-03-11T21:18:57.099472+00:00,e9286e10fdf94482b1ae5281611c9dcc
2013-10-03,826.33,,ft,Approved,,2025-03-11T21:18:57.099472+00:00,e9286e10fdf94482b1ae5281611c9dcc
2013-10-04,826.2,,ft,Approved,,2025-03-11T21:18:57.099472+00:00,e9286e10fdf94482b1ae5281611c9dcc
2013-10-05,826.11,,ft,Approved,,2025-03-11T21:18:57.099472+00:00,e9286e10fdf94482b1ae5281611c9dcc
2013-10-06,826.09,,ft,Approved,,2025-03-11T21:18:57.099472+00:00,e9286e10fdf94482b1ae5281611c9dcc
2013-10-07,826.09,,ft,Approved,,2025-03-11T21:18:57.099472+00:00,e9286e10fdf94482b1ae5281611c9dcc
2013-10-08,826.04,,ft,Approved,,2025-03-11T21:18:57.099472+00:00,e9286e10fdf94482b1ae5281611c9dcc
2013-10-09,826.02,,ft,Approved,,2025-03-11T21:18:57.099472+00:00,e9286e10fdf94482b1ae5281611c9dcc
2013-10-10,826.0,,ft,Approved,,2025-03-11T21:18:57.099472+00:00,e9286e10fdf94482b1ae5281611c9dcc
2013-10-11,825.99,,ft,Approved,,2025-03-11T21:18:57.099472+00:00,e9286e10fdf94482b1ae5281611c9dcc
2013-10-12,826.01,,ft,Approved,,2025-03-11T21:18:57.099472+00:00,e9286e10fdf94482b1ae5281611c9dcc
2013-10-13,832.93,,ft,Approved,,2025-03-11T21:18:57.099472+00:00,e9286e10fdf94482b1ae5281611c9dcc
2013-10-14,834.7,,ft,Approved,,2025-03-11T21:18:57.099472+00:00,e9286e10fdf94482b1ae5281611c9dcc
2013-10-15,833.22,,ft,Approved,,2025-03-11T21:18:57.099472+00:00,e9286e10fdf94482b1ae5281611c9dcc
2013-10-16,831.86,,ft,Approved,,2025-03-11T21:18:57.099472+00:00,e9286e10fdf94482b1ae5281611c9dcc
2013-10-17,830.31,,ft,Approved,,2025-03-11T21:18:57.099472+00:00,e9286e10fdf94482b1ae5281611c9dcc
2013-10-18,827.88,,ft,Approved,,2025-03-11T21:18:57.099472+00:00,e9286e10fdf94482b1ae5281611c9dcc
2013-10-19,826.91,,ft,Approved,,2025-03-11T21:18:57.099472+00:00,e9286e10fdf94482b1ae5281611c9dcc
2013-10-20,826.6,,ft,Approved,,2025-03-11T21:18:57.099472+00:00,e9286e10fdf94482b1ae5281611c9dcc
2013-10-21,826.46,,ft,Approved,,2025-03-11T21:18:57.099472+00:00,e9286e10fdf94482b1ae5281611c9dcc
2013-10-22,826.4,,ft,Approved,,2025-03-11T21:18:57.099472+00:00,e9286e10fdf94482b1ae5281611c9dcc
2013-10-23,826.4,,ft,Approved,,2025-03-11T21:18:57.099472+00:00,e9286e10fdf94482b1ae5281611c9dcc
2013-10-24,826.36,,ft,Approved,,2025-03-11T21:18:57.099472+00:00,e9286e10fdf94482b1ae5281611c9dcc
2013-10-25,826.33,,ft,Approved,,2025-03-11T21:18:57.099472+00:00,e9286e10fdf94482b1ae5281611c9dcc
2013-10-26,826.24,,ft,Approved,,2025-03-11T21:18:57.099472+00:00,e9286e10fdf94482b1ae5281611c9dcc
2013-10-27,826.29,,ft,Approved,,2025-03-11T21:18:57.099472+00:00,e9286e10fdf94482b1ae5281611c9dcc
2013-10-28,826.33,,ft,Approved,,2025-03-11T21:18:57.099472+00:00,e9286e10fdf94482b1ae5281611c9dcc
2013-10-29,826.22,,ft,Approved,,2025-03-11T21:18:57.099472+00:00,e9286e10fdf94482b1ae5281611c9dcc
2013-10-30,826.55,,ft,Approved,,2025-03-11T21:18:57.099472+00:00,e9286e10fdf94482b1ae5281611c9dcc
2013-10-31,837.85,,ft,Approved,,2025-03-11T21:18:57.099472+00:00,e9286e10fdf94482b1ae5281611c9dcc
2013-11-01,837.43,,ft,Approved,,2025-03-11T21:18:57.099472+00:00,e9286e10fdf94482b1ae5281611c9dcc
2013-11-02,836.18,,ft,Approved,,2025-03-11T21:18:57.099472+00:00,e9286e10fdf94482b1ae5281611c9dcc
2013-11-03,834.64,,ft,Approved,,2025-03-11T21:18:57.099472+00:00,e9286e10fdf94482b1ae5281611c9dcc
2013-11-04,832.75,,ft,Approved,,2025-03-11T21:18:57.099472+00:00,e9286e10fdf94482b1ae5281611c9dcc
2013-11-05,830.49,,ft,Approved,,2025-03-11T21:18:57.099472+00:00,e9286e10fdf94482b1ae5281611c9dcc
2013-11-06,828.52,,ft,Approved,,2025-03-11T21:18:57.099472+00:00,e9286e10fdf94482b1ae5281611c9dcc
2013-11-07,827.2,,ft,Approved,,2025-03-11T21:18:57.099472+00:00,e9286e10fdf94482b1ae5281611c9dcc
2013-11-08,826.76,,ft,Approved,,2025-03-11T21:18:57.099472+00:00,e9286e10fdf94482b1ae5281611c9dcc
2013-11-09,826.58,,ft,Approved,,2025-03-11T21:18:57.099472+00:00,e9286e10fdf94482b1ae5281611c9dcc
2013-11-10,826.48,,ft,Approved,,2025-03-11T21:18:57.099472+00:00,e9286e10fdf94482b1ae5281611c9dcc
2013-11-11,826.42,,ft,Approved,,2025-03-11T21:18:57.099472+00:00,e9286e10fdf94482b1ae5281611c9dcc
2013-11-12,826.36,,ft,Approved,,2025-03-11T21:18:57.099472+00:00,e9286e10fdf94482b1ae5281611c9dcc
2013-11-13,826.3,,ft,Approved,,2025-03-11T21:18:57.099472+00:00,e9286e10fdf94482b1ae5281611c9dcc
2013-11-14,826.29,,ft,Approved,,2025-03-11T21:18:57.099472+00:00,e9286e10fdf94482b1ae5281611c9dcc
2013-11-15,826.28,,ft,Approved,,2025-03-11T21:18:57.099472+00:00,e9286e10fdf94482b1ae5281611c9dcc
2013-11-16,826.27,,ft,Approved,,2025-03-11T21:18:57.099472+00:00,e9286e10fdf94482b1ae5281611c9dcc
2013-11-17,826.25,,ft,Approved,,2025-03-11T21:18:57.099472+00:00,e9286e10fdf94482b1ae5281611c9dcc
2013-11-18,826.22,,ft,Approved,,2025-03-11T21:18:57.099472+00:00,e9286e10fdf94482b1ae5281611c9dcc
2013-11-19,826.19,,ft,Approved,,2025-03-11T21:18:57.099472+00:00,e9286e10fdf94482b1ae5281611c9dcc
2013-11-20,826.16,,ft,Approved,,2025-03-11T21:18:57.099472+00:00,e9286e10fdf94482b1ae5281611c9dcc
2013-11-21,826.19,,ft,Approved,,2025-03-11T21:18:57.099472+00:00,e9286e10fdf94482b1ae5281611c9dcc
2013-11-22,827.81,,ft,Approved,,2025-03-11T21:18:57.099472+00:00,e9286e10fdf94482b1ae5281611c9dcc
2013-11-23,827.53,,ft,Approved,,2025-03-11T21:18:57.099472+00:00,e9286e10fdf94482b1ae5281611c9dcc
2013-11-24,827.14,,ft,Approved,,2025-03-11T21:18:57.099472+00:00,e9286e10fdf94482b1ae5281611c9dcc
2013-11-25,828.43,,ft,Approved,,2025-03-11T21:18:57.099472+00:00,e9286e10fdf94482b1ae5281611c9dcc
2013-11-26,829.3,,ft,Approved,,2025-03-11T21:18:57.099472+00:00,e9286e10fdf94482b1ae5281611c9dcc
2013-11-27,827.55,,ft,Approved,,2025-03-11T21:18:57.099472+00:00,e9286e10fdf94482b1ae5281611c9dcc
2013-11-28,827.05,,ft,Approved,,2025-03-11T21:18:57.099472+00:00,e9286e10fdf94482b1ae5281611c9dcc
2013-11-29,826.84,,ft,Approved,,2025-03-11T21:18:57.099472+00:00,e9286e10fdf94482b1ae5281611c9dcc
2013-11-30,826.71,,ft,Approved,,2025-03-11T21:18:57.099472+00:00,e9286e10fdf94482b1ae5281611c9dcc
2013-12-01,826.63,,ft,Approved,,2025-03-11T21:18:57.099472+00:00,e9286e10fdf94482b1ae5281611c9dcc
2013-12-02,826.56,,ft,Approved,,2025-03-11T21:18:57.099472+00:00,e9286e10fdf94482b1ae5281611c9dcc
2013-12-03,826.5,,ft,Approved,,2025-03-11T21:18:57.099472+00:00,e9286e10fdf94482b1ae5281611c9dcc
2013-12-04,826.45,,ft,Approved,,2025-03-11T21:18:57.099472+00:00,e9286e10fdf94482b1ae5281611c9dcc
2013-12-05,826.39,,ft,Approved,,2025-03-11T21:18:57.099472+00:00,e9286e10fdf94482b1ae5281611c9dcc
2013-12-06,826.33,,ft,Approved,,2025-03-11T21:18:57.099472+00:00,e9286e10fdf94482b1ae5281611c9dcc
2013-12-07,826.31,,ft,Approved,,2025-03-11T21:18:57.099472+00:00,e9286e10fdf94482b1ae5281611c9dcc
2013-12-08,826.3,,ft,Approved,,2025-03-11T21:18:57.099472+00:00,e9286e10fdf94482b1ae5281611c9dcc
2013-12-09,826.3,,ft,Approved,,2025-03-11T21:18:57.099472+00:00,e9286e10fdf94482b1ae5281611c9dcc
2013-12-10,826.28,,ft,Approved,,2025-03-11T21:18:57.099472+00:00,e9286e10fdf94482b1ae5281611c9dcc
2013-12-11,826.25,,ft,Approved,,2025-03-11T21:18:57.099472+00:00,e9286e10fdf94482b1ae5281611c9dcc
2013-12-12,826.22,,ft,Approved,,2025-03-11T21:18:57.099472+00:00,e9286e10fdf94482b1ae5281611c9dcc
2013-12-13,826.23,,ft,Approved,,2025-03-11T21:18:57.099472+00:00,e9286e10fdf94482b1ae5281611c9dcc
2013-12-14,826.31,,ft,Approved,,2025-03-11T21:18:57.099472+00:00,e9286e10fdf94482b1ae5281611c9dcc
2013-12-15,826.27,,ft,Approved,,2025-03-11T21:18:57.099472+00:00,e9286e10fdf94482b1ae5281611c9dcc
2013-12-16,826.23,,ft,Approved,,2025-03-11T21:18:57.099472+00:00,e9286e10fdf94482b1ae5281611c9dcc
2013-12-17,826.2,,ft,Approved,,2025-03-11T21:18:57.099472+00:00,e9286e10fdf94482b1ae5281611c9dcc
2013-12-18,826.18,,ft,Approved,,2025-03-11T21:18:57.099472+00:00,e9286e10fdf94482b1ae5281611c9dcc
2013-12-19,826.18,,ft,Approved,,2025-03-11T21:18:57.099472+00:00,e9286e10fdf94482b1ae5281611c9dcc
2013-12-20,826.2,,ft,Approved,,2025-03-11T21:18:57.099472+00:00,e9286e10fdf94482b1ae5281611c9dcc
2013-12-21,826.79,,ft,Approved,,2025-03-11T21:18:57.099472+00:00,e9286e10fdf94482b1ae5281611c9dcc
2013-12-22,827.18,,ft,Approved,,2025-03-11T21:18:57.099472+00:00,e9286e10fdf94482b1ae5281611c9dcc
2013-12-23,826.87,,ft,Approved,,2025-03-11T21:18:57.099472+00:00,e9286e10fdf94482b1ae5281611c9dcc
2013-12-24,826.63,,ft,Approved,,2025-03-11T21:18:57.099472+00:00,e9286e10fdf94482b1ae5281611c9dcc
2013-12-25,826.48,,ft,Approved,,2025-03-11T21:18:57.099472+00:00,e9286e10fdf94482b1ae5281611c9dcc
2013-12-26,826.38,,ft,Approved,,2025-03-11T21:18:57.099472+00:00,e9286e10fdf94482b1ae5281611c9dcc
2013-12-27,826.32,,ft,Approved,,2025-03-11T21:18:57.099472+00:00,e9286e10fdf94482b1ae5281611c9dcc
2013-12-28,826.29,,ft,Approved,,2025-03-11T21:18:57.099472+00:00,e9286e10fdf94482b1ae5281611c9dcc
2013-12-29,826.26,,ft,Approved,,2025-03-11T21:18:57.099472+00:00,e9286e10fdf94482b1ae5281611c9dcc
2013-12-30,826.21,,ft,Approved,,2025-03-11T21:18:57.099472+00:00,e9286e10fdf94482b1ae5281611c9dcc
2013-12-31,826.24,,ft,Approved,,2025-03-11T21:18:57.099472+00:00,e9286e10fdf94482b1ae5281611c9dcc
2014-01-01,826.24,,ft,Approved,,2025-03-11T21:18:57.099472+00:00,e9286e10fdf94482b1ae5281611c9dcc
2014-01-02,826.22,,ft,Approved,,2025-03-11T21:18:57.099472+00:00,e9286e10fdf94482b1ae5281611c9dcc
2014-01-03,826.21,,ft,Approved,,2025-03-11T21:18:57.099472+00:00,e9286e10fdf94482b1ae5281611c9dcc
2014-01-04,826.2,,ft,Approved,,2025-03-11T21:18:57.099472+00:00,e9286e10fdf94482b1ae5281611c9dcc
2014-01-05,826.19,,ft,Approved,,2025-03-11T21:18:57.099472+00:00,e9286e10fdf94482b1ae5281611c9dcc
2014-01-06,826.16,,ft,Approved,,2025-03-11T21:18:57.099472+00:00,e9286e10fdf94482b1ae5281611c9dcc
2014-01-07,826.15,,ft,Approved,,2025-03-11T21:18:57.099472+00:00,e9286e10fdf94482b1ae5281611c9dcc
2014-01-08,826.16,,ft,Approved,,2025-03-11T21:18:57.099472+00:00,e9286e10fdf94482b1ae5281611c9dcc
2014-01-09,826.18,,ft,Approved,,2025-03-11T21:18:57.099472+00:00,e9286e10fdf94482b1ae5281611c9dcc
2014-01-10,826.2,,ft,Approved,,2025-03-11T21:18:57.099472+00:00,e9286e10fdf94482b1ae5281611c9dcc
2014-01-11,826.19,,ft,Approved,,2025-03-11T21:18:57.099472+00:00,e9286e10fdf94482b1ae5281611c9dcc
2014-01-12,826.18,,ft,Approved,,2025-03-11T21:18:57.099472+00:00,e9286e10fdf94482b1ae5281611c9dcc
2014-01-13,826.16,,ft,Approved,,2025-03-11T21:18:57.099472+00:00,e9286e10fdf94482b1ae5281611c9dcc
2014-01-14,826.13,,ft,Approved,,2025-03-11T21:18:57.099472+00:00,e9286e10fdf94482b1ae5281611c9dcc
2014-01-15,826.12,,ft,Approved,,2025-03-11T21:18:57.099472+00:00,e9286e10fdf94482b1ae5281611c9dcc
2014-01-16,826.12,,ft,Approved,,2025-03-11T21:18:57.099472+00:00,e9286e10fdf94482b1ae5281611c9dcc
2014-01-17,826.12,,ft,Approved,,2025-03-11T21:18:57.099472+00:00,e9286e10fdf94482b1ae5281611c9dcc
2014-01-18,826.11,,ft,Approved,,2025-03-11T21:18:57.099472+00:00,e9286e10fdf94482b1ae5281611c9dcc
2014-01-19,826.11,,ft,Approved,,2025-03-11T21:18:57.099472+00:00,e9286e10fdf94482b1ae5281611c9dcc
2014-01-20,826.1,,ft,Approved,,2025-03-11T21:18:57.099472+00:00,e9286e10fdf94482b1ae5281611c9dcc
2014-01-21,826.08,,ft,Approved,,2025-03-11T21:18:57.099472+00:00,e9286e10fdf94482b1ae5281611c9dcc
2014-01-22,826.06,,ft,Approved,,2025-03-11T21:18:57.099472+00:00,e9286e10fdf94482b1ae5281611c9dcc
2014-01-23,826.06,,ft,Approved,,2025-03-11T21:18:57.099472+00:00,e9286e10fdf94482b1ae5281611c9dcc
2014-01-24,826.06,,ft,Approved,,2025-03-11T21:18:57.099472+00:00,e9286e10fdf94482b1ae5281611c9dcc
2014-01-25,826.06,,ft,Approved,,2025-03-11T21:18:57.099472+00:00,e9286e10fdf94482b1ae5281611c9dcc
2014-01-26,826.07,,ft,Approved,,2025-03-11T21:18:57.099472+00:00,e9286e10fdf94482b1ae5281611c9dcc
2014-01-27,826.07,,ft,Approved,,2025-03-11T21:18:57.099472+00:00,e9286e10fdf94482b1ae5281611c9dcc
2014-01-28,826.06,,ft,Approved,,2025-03-11T21:18:57.099472+00:00,e9286e10fdf94482b1ae5281611c9dcc
2014-01-29,826.06,,ft,Approved,,2025-03-11T21:18:57.099472+00:00,e9286e10fdf94482b1ae5281611c9dcc
2014-01-30,826.05,,ft,Approved,,2025-03-11T21:18:57.099472+00:00,e9286e10fdf94482b1ae5281611c9dcc
2014-01-31,826.07,,ft,Approved,,2025-03-11T21:18:57.099472+00:00,e9286e10fdf94482b1ae5281611c9dcc
2014-02-01,826.08,,ft,Approved,,2025-03-11T21:18:57.099472+00:00,e9286e10fdf94482b1ae5281611c9dcc
2014-02-02,826.05,,ft,Approved,,2025-03-11T21:18:57.099472+00:00,e9286e10fdf94482b1ae5281611c9dcc
2014-02-03,826.02,,ft,Approved,,2025-03-11T21:18:57.099472+00:00,e9286e10fdf94482b1ae5281611c9dcc
2014-02-04,826.04,,ft,Approved,,2025-03-11T21:18:57.099472+00:00,e9286e10fdf94482b1ae5281611c9dcc
2014-02-05,826.07,,ft,Approved,,2025-03-11T21:18:57.099472+00:00,e9286e10fdf94482b1ae5281611c9dcc
2014-02-06,826.07,,ft,Approved,,2025-03-11T21:18:57.099472+00:00,e9286e10fdf94482b1ae5281611c9dcc
2014-02-07,826.07,,ft,Approved,,2025-03-11T21:18:57.099472+00:00,e9286e10fdf94482b1ae5281611c9dcc
2014-02-08,826.08,,ft,Approved,,2025-03-11T21:18:57.099472+00:00,e9286e10fdf94482b1ae5281611c9dcc
2014-02-09,826.09,,ft,Approved,,2025-03-11T21:18:57.099472+00:00,e9286e10fdf94482b1ae5281611c9dcc
2014-02-10,826.08,,ft,Approved,,2025-03-11T21:18:57.099472+00:00,e9286e10fdf94482b1ae5281611c9dcc
2014-02-11,826.08,,ft,Approved,,2025-03-11T21:18:57.099472+00:00,e9286e10fdf94482b1ae5281611c9dcc
2014-02-12,826.09,,ft,Approved,,2025-03-11T21:18:57.099472+00:00,e9286e10fdf94482b1ae5281611c9dcc
2014-02-13,826.07,,ft,Approved,,2025-03-11T21:18:57.099472+00:00,e9286e10fdf94482b1ae5281611c9dcc
2014-02-14,826.08,,ft,Approved,,2025-03-11T21:18:57.099472+00:00,e9286e10fdf94482b1ae5281611c9dcc
2014-02-15,826.08,,ft,Approved,,2025-03-11T21:18:57.099472+00:00,e9286e10fdf94482b1ae5281611c9dcc
2014-02-16,826.09,,ft,Approved,,2025-03-11T21:18:57.099472+00:00,e9286e10fdf94482b1ae5281611c9dcc
2014-02-17,826.08,,ft,Approved,,2025-03-11T21:18:57.099472+00:00,e9286e10fdf94482b1ae5281611c9dcc
2014-02-18,826.07,,ft,Approved,,2025-03-11T21:18:57.099472+00:00,e9286e10fdf94482b1ae5281611c9dcc
2014-02-19,826.07,,ft,Approved,,2025-03-11T21:18:57.099472+00:00,e9286e10fdf94482b1ae5281611c9dcc
2014-02-20,826.06,,ft,Approved,,2025-03-11T21:18:57.099472+00:00,e9286e10fdf94482b1ae5281611c9dcc
2014-02-21,826.04,,ft,Approved,,2025-03-11T21:18:57.099472+00:00,e9286e10fdf94482b1ae5281611c9dcc
2014-02-22,826.05,,ft,Approved,,2025-03-11T21:18:57.099472+00:00,e9286e10fdf94482b1ae5281611c9dcc
2014-02-23,826.05,,ft,Approved,,2025-03-11T21:18:57.099472+00:00,e9286e10fdf94482b1ae5281611c9dcc
2014-02-24,826.05,,ft,Approved,,2025-03-11T21:18:57.099472+00:00,e9286e10fdf94482b1ae5281611c9dcc
2014-02-25,826.06,,ft,Approved,,2025-03-11T21:18:57.099472+00:00,e9286e10fdf94482b1ae5281611c9dcc
2014-02-26,826.36,,ft,Approved,,2025-03-11T21:18:57.099472+00:00,e9286e10fdf94482b1ae5281611c9dcc
2014-02-27,826.39,,ft,Approved,,2025-03-11T21:18:57.099472+00:00,e9286e10fdf94482b1ae5281611c9dcc
2014-02-28,826.27,,ft,Approved,,2025-03-11T21:18:57.099472+00:00,e9286e10fdf94482b1ae5281611c9dcc
2014-03-01,826.2,,ft,Approved,,2025-03-11T21:18:57.099472+00:00,e9286e10fdf94482b1ae5281611c9dcc
2014-03-02,826.16,,ft,Approved,,2025-03-11T21:18:57.099472+00:00,e9286e10fdf94482b1ae5281611c9dcc
2014-03-03,826.12,,ft,Approved,,2025-03-11T21:18:57.099472+00:00,e9286e10fdf94482b1ae5281611c9dcc
2014-03-04,826.25,,ft,Approved,,2025-03-11T21:18:57.099472+00:00,e9286e10fdf94482b1ae5281611c9dcc
2014-03-05,826.34,,ft,Approved,,2025-03-11T21:18:57.099472+00:00,e9286e10fdf94482b1ae5281611c9dcc
2014-03-06,826.27,,ft,Approved,,2025-03-11T21:18:57.099472+00:00,e9286e10fdf94482b1ae5281611c9dcc
2014-03-07,826.21,,ft,Approved,,2025-03-11T21:18:57.099472+00:00,e9286e10fdf94482b1ae5281611c9dcc
2014-03-08,826.21,,ft,Approved,,2025-03-11T21:18:57.099472+00:00,e9286e10fdf94482b1ae5281611c9dcc
2014-03-09,826.9,,ft,Approved,,2025-03-11T21:18:57.099472+00:00,e9286e10fdf94482b1ae5281611c9dcc
2014-03-10,826.67,,ft,Approved,,2025-03-11T21:18:57.099472+00:00,e9286e10fdf94482b1ae5281611c9dcc
2014-03-11,826.48,,ft,Approved,,2025-03-11T21:18:57.099472+00:00,e9286e10fdf94482b1ae5281611c9dcc
2014-03-12,826.34,,ft,Approved,,2025-03-11T21:18:57.099472+00:00,e9286e10fdf94482b1ae5281611c9dcc
2014-03-13,826.26,,ft,Approved,,2025-03-11T21:18:57.099472+00:00,e9286e10fdf94482b1ae5281611c9dcc
2014-03-14,826.21,,ft,Approved,,2025-03-11T21:18:57.099472+00:00,e9286e10fdf94482b1ae5281611c9dcc
2014-03-15,826.2,,ft,Approved,,2025-03-11T21:18:57.099472+00:00,e9286e10fdf94482b1ae5281611c9dcc
2014-03-16,826.2,,ft,Approved,,2025-03-11T21:18:57.099472+00:00,e9286e10fdf94482b1ae5281611c9dcc
2014-03-17,826.17,,ft,Approved,,2025-03-11T21:18:57.099472+00:00,e9286e10fdf94482b1ae5281611c9dcc
2014-03-18,826.15,,ft,Approved,,2025-03-11T21:18:57.099472+00:00,e9286e10fdf94482b1ae5281611c9dcc
2014-03-19,826.13,,ft,Approved,,2025-03-11T21:18:57.099472+00:00,e9286e10fdf94482b1ae5281611c9dcc
2014-03-20,826.1,,ft,Approved,,2025-03-11T21:18:57.099472+00:00,e9286e10fdf94482b1ae5281611c9dcc
2014-03-21,826.1,,ft,Approved,,2025-03-11T21:18:57.099472+00:00,e9286e10fdf94482b1ae5281611c9dcc
2014-03-22,826.1,,ft,Approved,,2025-03-11T21:18:57.099472+00:00,e9286e10fdf94482b1ae5281611c9dcc
2014-03-23,826.08,,ft,Approved,,2025-03-11T21:18:57.099472+00:00,e9286e10fdf94482b1ae5281611c9dcc
2014-03-24,826.07,,ft,Approved,,2025-03-11T21:18:57.099472+00:00,e9286e10fdf94482b1ae5281611c9dcc
2014-03-25,826.06,,ft,Approved,,2025-03-11T21:18:57.099472+00:00,e9286e10fdf94482b1ae5281611c9dcc
2014-03-26,826.06,,ft,Approved,,2025-03-11T21:18:57.099472+00:00,e9286e10fdf94482b1ae5281611c9dcc
2014-03-27,826.07,,ft,Approved,,2025-03-11T21:18:57.099472+00:00,e9286e10fdf94482b1ae5281611c9dcc
2014-03-28,826.09,,ft,Approved,,2025-03-11T21:18:57.099472+00:00,e9286e10fdf94482b1ae5281611c9dcc
2014-03-29,826.07,,ft,Approved,,2025-03-11T21:18:57.099472+00:00,e9286e10fdf94482b1ae5281611c9dcc
2014-03-30,826.03,,ft,Approved,,2025-03-11T21:18:57.099472+00:00,e9286e10fdf94482b1ae5281611c9dcc
2014-03-31,826.01,,ft,Approved,,2025-03-11T21:18:57.099472+00:00,e9286e10fdf94482b1ae5281611c9dcc
2014-04-01,826.01,,ft,Approved,,2025-03-11T21:18:57.099472+00:00,e9286e10fdf94482b1ae5281611c9dcc
2014-04-02,826.02,,ft,Approved,,2025-03-11T21:18:57.099472+00:00,e9286e10fdf94482b1ae5281611c9dcc
2014-04-03,826.02,,ft,Approved,,2025-03-11T21:18:57.099472+00:00,e9286e10fdf94482b1ae5281611c9dcc
2014-04-04,826.0,,ft,Approved,,2025-03-11T21:18:57.099472+00:00,e9286e10fdf94482b1ae5281611c9dcc
2014-04-05,825.99,,ft,Approved,,2025-03-11T21:18:57.099472+00:00,e9286e10fdf94482b1ae5281611c9dcc
2014-04-06,826.0,,ft,Approved,,2025-03-11T21:18:57.099472+00:00,e9286e10fdf94482b1ae5281611c9dcc
2014-04-07,826.03,,ft,Approved,,2025-03-11T21:18:57.099472+00:00,e9286e10fdf94482b1ae5281611c9dcc
2014-04-08,826.1,,ft,Approved,,2025-03-11T21:18:57.099472+00:00,e9286e10fdf94482b1ae5281611c9dcc
2014-04-09,826.09,,ft,Approved,,2025-03-11T21:18:57.099472+00:00,e9286e10fdf94482b1ae5281611c9dcc
2014-04-10,826.06,,ft,Approved,,2025-03-11T21:18:57.099472+00:00,e9286e10fdf94482b1ae5281611c9dcc
2014-04-11,826.04,,ft,Approved,,2025-03-11T21:18:57.099472+00:00,e9286e10fdf94482b1ae5281611c9dcc
2014-04-12,826.06,,ft,Approved,,2025-03-11T21:18:57.099472+00:00,e9286e10fdf94482b1ae5281611c9dcc
2014-04-13,826.08,,ft,Approved,,2025-03-11T21:18:57.099472+00:00,e9286e10fdf94482b1ae5281611c9dcc
2014-04-14,826.17,,ft,Approved,,2025-03-11T21:18:57.099472+00:00,e9286e10fdf94482b1ae5281611c9dcc
2014-04-15,826.41,,ft,Approved,,2025-03-11T21:18:57.099472+00:00,e9286e10fdf94482b1ae5281611c9dcc
2014-04-16,826.28,,ft,Approved,,2025-03-11T21:18:57.099472+00:00,e9286e10fdf94482b1ae5281611c9dcc
2014-04-17,826.2,,ft,Approved,,2025-03-11T21:18:57.099472+00:00,e9286e10fdf94482b1ae5281611c9dcc
2014-04-18,826.15,,ft,Approved,,2025-03-11T21:18:57.099472+00:00,e9286e10fdf94482b1ae5281611c9dcc
2014-04-19,826.11,,ft,Approved,,2025-03-11T21:18:57.099472+00:00,e9286e10fdf94482b1ae5281611c9dcc
2014-04-20,826.07,,ft,Approved,,2025-03-11T21:18:57.099472+00:00,e9286e10fdf94482b1ae5281611c9dcc
2014-04-21,826.05,,ft,Approved,,2025-03-11T21:18:57.099472+00:00,e9286e10fdf94482b1ae5281611c9dcc
2014-04-22,826.04,,ft,Approved,,2025-03-11T21:18:57.099472+00:00,e9286e10fdf94482b1ae5281611c9dcc
2014-04-23,826.03,,ft,Approved,,2025-03-11T21:18:57.099472+00:00,e9286e10fdf94482b1ae5281611c9dcc
2014-04-24,826.02,,ft,Approved,,2025-03-11T21:18:57.099472+00:00,e9286e10fdf94482b1ae5281611c9dcc
2014-04-25,826.01,,ft,Approved,,2025-03-11T21:18:57.099472+00:00,e9286e10fdf94482b1ae5281611c9dcc
2014-04-26,825.99,,ft,Approved,,2025-03-11T21:18:57.099472+00:00,e9286e10fdf94482b1ae5281611c9dcc
2014-04-27,825.96,,ft,Approved,,2025-03-11T21:18:57.099472+00:00,e9286e10fdf94482b1ae5281611c9dcc
2014-04-28,825.93,,ft,Approved,,2025-03-11T21:18:57.099472+00:00,e9286e10fdf94482b1ae5281611c9dcc
2014-04-29,825.9,,ft,Approved,,2025-03-11T21:18:57.099472+00:00,e9286e10fdf94482b1ae5281611c9dcc
2014-04-30,825.88,,ft,Approved,,2025-03-11T21:18:57.099472+00:00,e9286e10fdf94482b1ae5281611c9dcc
2014-05-01,825.88,,ft,Approved,,2025-03-11T21:18:57.099472+00:00,e9286e10fdf94482b1ae5281611c9dcc
2014-05-02,825.88,,ft,Approved,,2025-03-11T21:18:57.099472+00:00,e9286e10fdf94482b1ae5281611c9dcc
2014-05-03,825.88,,ft,Approved,,2025-03-11T21:18:57.099472+00:00,e9286e10fdf94482b1ae5281611c9dcc
2014-05-04,825.87,,ft,Approved,,2025-03-11T21:18:57.099472+00:00,e9286e10fdf94482b1ae5281611c9dcc
2014-05-05,825.86,,ft,Approved,,2025-03-11T21:18:57.099472+00:00,e9286e10fdf94482b1ae5281611c9dcc
2014-05-06,825.86,,ft,Approved,,2025-03-11T21:18:57.099472+00:00,e9286e10fdf94482b1ae5281611c9dcc
2014-05-07,825.86,,ft,Approved,,2025-03-11T21:18:57.099472+00:00,e9286e10fdf94482b1ae5281611c9dcc
2014-05-08,825.88,,ft,Approved,,2025-03-11T21:18:57.099472+00:00,e9286e10fdf94482b1ae5281611c9dcc
2014-05-09,826.55,,ft,Approved,,2025-03-11T21:18:57.099472+00:00,e9286e10fdf94482b1ae5281611c9dcc
2014-05-10,826.43,,ft,Approved,,2025-03-11T21:18:57.099472+00:00,e9286e10fdf94482b1ae5281611c9dcc
2014-05-11,826.24,,ft,Approved,,2025-03-11T21:18:57.099472+00:00,e9286e10fdf94482b1ae5281611c9dcc
2014-05-12,826.18,,ft,Approved,,2025-03-11T21:18:57.099472+00:00,e9286e10fdf94482b1ae5281611c9dcc
2014-05-13,831.18,,ft,Approved,,2025-03-11T21:18:57.099472+00:00,e9286e10fdf94482b1ae5281611c9dcc
2014-05-14,830.5,,ft,Approved,,2025-03-11T21:18:57.099472+00:00,e9286e10fdf94482b1ae5281611c9dcc
2014-05-15,828.19,,ft,Approved,,2025-03-11T21:18:57.099472+00:00,e9286e10fdf94482b1ae5281611c9dcc
2014-05-16,826.97,,ft,Approved,,2025-03-11T21:18:57.099472+00:00,e9286e10fdf94482b1ae5281611c9dcc
2014-05-17,826.6,,ft,Approved,,2025-03-11T21:18:57.099472+00:00,e9286e10fdf94482b1ae5281611c9dcc
2014-05-18,826.42,,ft,Approved,,2025-03-11T21:18:57.099472+00:00,e9286e10fdf94482b1ae5281611c9dcc
2014-05-19,826.31,,ft,Approved,,2025-03-11T21:18:57.099472+00:00,e9286e10fdf94482b1ae5281611c9dcc
2014-05-20,826.23,,ft,Approved,,2025-03-11T21:18:57.099472+00:00,e9286e10fdf94482b1ae5281611c9dcc
2014-05-21,826.17,,ft,Approved,,2025-03-11T21:18:57.099472+00:00,e9286e10fdf94482b1ae5281611c9dcc
2014-05-22,826.13,,ft,Approved,,2025-03-11T21:18:57.099472+00:00,e9286e10fdf94482b1ae5281611c9dcc
2014-05-23,826.1,,ft,Approved,,2025-03-11T21:18:57.099472+00:00,e9286e10fdf94482b1ae5281611c9dcc
2014-05-24,826.1,,ft,Approved,,2025-03-11T21:18:57.099472+00:00,e9286e10fdf94482b1ae5281611c9dcc
2014-05-25,826.16,,ft,Approved,,2025-03-11T21:18:57.099472+00:00,e9286e10fdf94482b1ae5281611c9dcc
2014-05-26,826.88,,ft,Approved,,2025-03-11T21:18:57.099472+00:00,e9286e10fdf94482b1ae5281611c9dcc
2014-05-27,830.03,,ft,Approved,,2025-03-11T21:18:57.099472+00:00,e9286e10fdf94482b1ae5281611c9dcc
2014-05-28,829.56,,ft,Approved,,2025-03-11T21:18:57.099472+00:00,e9286e10fdf94482b1ae5281611c9dcc
2014-05-29,827.49,,ft,Approved,,2025-03-11T21:18:57.099472+00:00,e9286e10fdf94482b1ae5281611c9dcc
2014-05-30,826.87,,ft,Approved,,2025-03-11T21:18:57.099472+00:00,e9286e10fdf94482b1ae5281611c9dcc
2014-05-31,826.61,,ft,Approved,,2025-03-11T21:18:57.099472+00:00,e9286e10fdf94482b1ae5281611c9dcc
2014-06-01,826.46,,ft,Approved,,2025-03-11T21:18:57.099472+00:00,e9286e10fdf94482b1ae5281611c9dcc
2014-06-02,826.36,,ft,Approved,,2025-03-11T21:18:57.099472+00:00,e9286e10fdf94482b1ae5281611c9dcc
2014-06-03,826.33,,ft,Approved,,2025-03-11T21:18:57.099472+00:00,e9286e10fdf94482b1ae5281611c9dcc
2014-06-04,826.33,,ft,Approved,,2025-03-11T21:18:57.099472+00:00,e9286e10fdf94482b1ae5281611c9dcc
2014-06-05,826.31,,ft,Approved,,2025-03-11T21:18:57.099472+00:00,e9286e10fdf94482b1ae5281611c9dcc
2014-06-06,826.25,,ft,Approved,,2025-03-11T21:18:57.099472+00:00,e9286e10fdf94482b1ae5281611c9dcc
2014-06-07,826.18,,ft,Approved,,2025-03-11T21:18:57.099472+00:00,e9286e10fdf94482b1ae5281611c9dcc
2014-06-08,826.14,,ft,Approved,,2025-03-11T21:18:57.099472+00:00,e9286e10fdf94482b1ae5281611c9dcc
2014-06-09,826.32,,ft,Approved,,2025-03-11T21:18:57.099472+00:00,e9286e10fdf94482b1ae5281611c9dcc
2014-06-10,826.7,,ft,Approved,,2025-03-11T21:18:57.099472+00:00,e9286e10fdf94482b1ae5281611c9dcc
2014-06-11,826.46,,ft,Approved,,2025-03-11T21:18:57.099472+00:00,e9286e10fdf94482b1ae5281611c9dcc
2014-06-12,826.32,,ft,Approved,,2025-03-11T21:18:57.099472+00:00,e9286e10fdf94482b1ae5281611c9dcc
2014-06-13,827.53,,ft,Approved,,2025-03-11T21:18:57.099472+00:00,e9286e10fdf94482b1ae5281611c9dcc
2014-06-14,826.97,,ft,Approved,,2025-03-11T21:18:57.099472+00:00,e9286e10fdf94482b1ae5281611c9dcc
2014-06-15,826.61,,ft,Approved,,2025-03-11T21:18:57.099472+00:00,e9286e10fdf94482b1ae5281611c9dcc
2014-06-16,826.41,,ft,Approved,,2025-03-11T21:18:57.099472+00:00,e9286e10fdf94482b1ae5281611c9dcc
2014-06-17,826.29,,ft,Approved,,2025-03-11T21:18:57.099472+00:00,e9286e10fdf94482b1ae5281611c9dcc
2014-06-18,826.23,,ft,Approved,,2025-03-11T21:18:57.099472+00:00,e9286e10fdf94482b1ae5281611c9dcc
2014-06-19,826.17,,ft,Approved,,2025-03-11T21:18:57.099472+00:00,e9286e10fdf94482b1ae5281611c9dcc
2014-06-20,826.12,,ft,Approved,,2025-03-11T21:18:57.099472+00:00,e9286e10fdf94482b1ae5281611c9dcc
2014-06-21,826.09,,ft,Approved,,2025-03-11T21:18:57.099472+00:00,e9286e10fdf94482b1ae5281611c9dcc
2014-06-22,826.07,,ft,Approved,,2025-03-11T21:18:57.099472+00:00,e9286e10fdf94482b1ae5281611c9dcc
2014-06-23,826.57,,ft,Approved,,2025-03-11T21:18:57.099472+00:00,e9286e10fdf94482b1ae5281611c9dcc
2014-06-24,827.16,,ft,Approved,,2025-03-11T21:18:57.099472+00:00,e9286e10fdf94482b1ae5281611c9dcc
2014-06-25,828.12,,ft,Approved,,2025-03-11T21:18:57.099472+00:00,e9286e10fdf94482b1ae5281611c9dcc
2014-06-26,827.93,,ft,Approved,,2025-03-11T21:18:57.099472+00:00,e9286e10fdf94482b1ae5281611c9dcc
2014-06-27,826.96,,ft,Approved,,2025-03-11T21:18:57.099472+00:00,e9286e10fdf94482b1ae5281611c9dcc
2014-06-28,826.63,,ft,Approved,,2025-03-11T21:18:57.099472+00:00,e9286e10fdf94482b1ae5281611c9dcc
2014-06-29,826.43,,ft,Approved,,2025-03-11T21:18:57.099472+00:00,e9286e10fdf94482b1ae5281611c9dcc
2014-06-30,826.31,,ft,Approved,,2025-03-11T21:18:57.099472+00:00,e9286e10fdf94482b1ae5281611c9dcc
2014-07-01,826.22,,ft,Approved,,2025-03-11T21:18:57.099472+00:00,e9286e10fdf94482b1ae5281611c9dcc
2014-07-02,826.16,,ft,Approved,,2025-03-11T21:18:57.099472+00:00,e9286e10fdf94482b1ae5281611c9dcc
2014-07-03,826.11,,ft,Approved,,2025-03-11T21:18:57.099472+00:00,e9286e10fdf94482b1ae5281611c9dcc
2014-07-04,826.08,,ft,Approved,,2025-03-11T21:18:57.099472+00:00,e9286e10fdf94482b1ae5281611c9dcc
2014-07-05,826.04,,ft,Approved,,2025-03-11T21:18:57.099472+00:00,e9286e10fdf94482b1ae5281611c9dcc
2014-07-06,826.01,,ft,Approved,,2025-03-11T21:18:57.099472+00:00,e9286e10fdf94482b1ae5281611c9dcc
2014-07-07,825.99,,ft,Approved,,2025-03-11T21:18:57.099472+00:00,e9286e10fdf94482b1ae5281611c9dcc
2014-07-08,825.97,,ft,Approved,,2025-03-11T21:18:57.099472+00:00,e9286e10fdf94482b1ae5281611c9dcc
2014-07-09,825.95,,ft,Approved,,2025-03-11T21:18:57.099472+00:00,e9286e10fdf94482b1ae5281611c9dcc
2014-07-10,825.93,,ft,Approved,,2025-03-11T21:18:57.099472+00:00,e9286e10fdf94482b1ae5281611c9dcc
2014-07-11,825.92,,ft,Approved,,2025-03-11T21:18:57.099472+00:00,e9286e10fdf94482b1ae5281611c9dcc
2014-07-12,825.92,,ft,Approved,,2025-03-11T21:18:57.099472+00:00,e9286e10fdf94482b1ae5281611c9dcc
2014-07-13,825.91,,ft,Approved,,2025-03-11T21:18:57.099472+00:00,e9286e10fdf94482b1ae5281611c9dcc
2014-07-14,825.89,,ft,Approved,,2025-03-11T21:18:57.099472+00:00,e9286e10fdf94482b1ae5281611c9dcc
2014-07-15,825.9,,ft,Approved,,2025-03-11T21:18:57.099472+00:00,e9286e10fdf94482b1ae5281611c9dcc
2014-07-16,825.91,,ft,Approved,,2025-03-11T21:18:57.099472+00:00,e9286e10fdf94482b1ae5281611c9dcc
2014-07-17,825.9,,ft,Approved,,2025-03-11T21:18:57.099472+00:00,e9286e10fdf94482b1ae5281611c9dcc
2014-07-18,830.8,,ft,Approved,,2025-03-11T21:18:57.099472+00:00,e9286e10fdf94482b1ae5281611c9dcc
2014-07-19,830.44,,ft,Approved,,2025-03-11T21:18:57.099472+00:00,e9286e10fdf94482b1ae5281611c9dcc
2014-07-20,827.91,,ft,Approved,,2025-03-11T21:18:57.099472+00:00,e9286e10fdf94482b1ae5281611c9dcc
2014-07-21,826.83,,ft,Approved,,2025-03-11T21:18:57.099472+00:00,e9286e10fdf94482b1ae5281611c9dcc
2014-07-22,826.52,,ft,Approved,,2025-03-11T21:18:57.099472+00:00,e9286e10fdf94482b1ae5281611c9dcc
2014-07-23,826.33,,ft,Approved,,2025-03-11T21:18:57.099472+00:00,e9286e10fdf94482b1ae5281611c9dcc
2014-07-24,826.29,,ft,Approved,,2025-03-11T21:18:57.099472+00:00,e9286e10fdf94482b1ae5281611c9dcc
2014-07-25,826.25,,ft,Approved,,2025-03-11T21:18:57.099472+00:00,e9286e10fdf94482b1ae5281611c9dcc
2014-07-26,826.18,,ft,Approved,,2025-03-11T21:18:57.099472+00:00,e9286e10fdf94482b1ae5281611c9dcc
2014-07-27,826.11,,ft,Approved,,2025-03-11T21:18:57.099472+00:00,e9286e10fdf94482b1ae5281611c9dcc
2014-07-28,826.06,,ft,Approved,,2025-03-11T21:18:57.099472+00:00,e9286e10fdf94482b1ae5281611c9dcc
2014-07-29,826.03,,ft,Approved,,2025-03-11T21:18:57.099472+00:00,e9286e10fdf94482b1ae5281611c9dcc
2014-07-30,826.01,,ft,Approved,,2025-03-11T21:18:57.099472+00:00,e9286e10fdf94482b1ae5281611c9dcc
2014-07-31,825.98,,ft,Approved,,2025-03-11T21:18:57.099472+00:00,e9286e10fdf94482b1ae5281611c9dcc
2014-08-01,825.94,,ft,Approved,,2025-03-11T21:18:57.099472+00:00,e9286e10fdf94482b1ae5281611c9dcc
2014-08-02,825.92,,ft,Approved,,2025-03-11T21:18:57.099472+00:00,e9286e10fdf94482b1ae5281611c9dcc
2014-08-03,825.91,,ft,Approved,,2025-03-11T21:18:57.099472+00:00,e9286e10fdf94482b1ae5281611c9dcc
2014-08-04,825.9,,ft,Approved,,2025-03-11T21:18:57.099472+00:00,e9286e10fdf94482b1ae5281611c9dcc
2014-08-05,825.9,,ft,Approved,,2025-03-11T21:18:57.099472+00:00,e9286e10fdf94482b1ae5281611c9dcc
2014-08-06,825.88,,ft,Approved,,2025-03-11T21:18:57.099472+00:00,e9286e10fdf94482b1ae5281611c9dcc
2014-08-07,825.87,,ft,Approved,,2025-03-11T21:18:57.099472+00:00,e9286e10fdf94482b1ae5281611c9dcc
2014-08-08,825.86,,ft,Approved,,2025-03-11T21:18:57.099472+00:00,e9286e10fdf94482b1ae5281611c9dcc
2014-08-09,825.84,,ft,Approved,,2025-03-11T21:18:57.099472+00:00,e9286e10fdf94482b1ae5281611c9dcc
2014-08-10,825.83,,ft,Approved,,2025-03-11T21:18:57.099472+00:00,e9286e10fdf94482b1ae5281611c9dcc
2014-08-11,825.84,,ft,Approved,,2025-03-11T21:18:57.099472+00:00,e9286e10fdf94482b1ae5281611c9dcc
2014-08-12,825.86,,ft,Approved,,2025-03-11T21:18:57.099472+00:00,e9286e10fdf94482b1ae5281611c9dcc
2014-08-13,825.85,,ft,Approved,,2025-03-11T21:18:57.099472+00:00,e9286e10fdf94482b1ae5281611c9dcc
2014-08-14,825.84,,ft,Approved,,2025-03-11T21:18:57.099472+00:00,e9286e10fdf94482b1ae5281611c9dcc
2014-08-15,825.83,,ft,Approved,,2025-03-11T21:18:57.099472+00:00,e9286e10fdf94482b1ae5281611c9dcc
2014-08-16,825.81,,ft,Approved,,2025-03-11T21:18:57.099472+00:00,e9286e10fdf94482b1ae5281611c9dcc
2014-08-17,825.78,,ft,Approved,,2025-03-11T21:18:57.099472+00:00,e9286e10fdf94482b1ae5281611c9dcc
2014-08-18,825.77,,ft,Approved,,2025-03-11T21:18:57.099472+00:00,e9286e10fdf94482b1ae5281611c9dcc
2014-08-19,825.75,,ft,Approved,,2025-03-11T21:18:57.099472+00:00,e9286e10fdf94482b1ae5281611c9dcc
2014-08-20,825.75,,ft,Approved,,2025-03-11T21:18:57.099472+00:00,e9286e10fdf94482b1ae5281611c9dcc
2014-08-21,825.74,,ft,Approved,,2025-03-11T21:18:57.099472+00:00,e9286e10fdf94482b1ae5281611c9dcc
2014-08-22,825.72,,ft,Approved,,2025-03-11T21:18:57.099472+00:00,e9286e10fdf94482b1ae5281611c9dcc
2014-08-23,825.71,,ft,Approved,,2025-03-11T21:18:57.099472+00:00,e9286e10fdf94482b1ae5281611c9dcc
2014-08-24,825.7,,ft,Approved,,2025-03-11T21:18:57.099472+00:00,e9286e10fdf94482b1ae5281611c9dcc
2014-08-25,825.69,,ft,Approved,,2025-03-11T21:18:57.099472+00:00,e9286e10fdf94482b1ae5281611c9dcc
2014-08-26,825.7,,ft,Approved,,2025-03-11T21:18:57.099472+00:00,e9286e10fdf94482b1ae5281611c9dcc
2014-08-27,825.7,,ft,Approved,,2025-03-11T21:18:57.099472+00:00,e9286e10fdf94482b1ae5281611c9dcc
2014-08-28,825.69,,ft,Approved,,2025-03-11T21:18:57.099472+00:00,e9286e10fdf94482b1ae5281611c9dcc
2014-08-29,825.68,,ft,Approved,,2025-03-11T21:18:57.099472+00:00,e9286e10fdf94482b1ae5281611c9dcc
2014-08-30,825.67,,ft,Approved,,2025-03-11T21:18:57.099472+00:00,e9286e10fdf94482b1ae5281611c9dcc
2014-08-31,825.66,,ft,Approved,,2025-03-11T21:18:57.099472+00:00,e9286e10fdf94482b1ae5281611c9dcc
2014-09-01,825.63,,ft,Approved,,2025-03-11T21:18:57.099472+00:00,e9286e10fdf94482b1ae5281611c9dcc
2014-09-02,825.61,,ft,Approved,,2025-03-11T21:18:57.099472+00:00,e9286e10fdf94482b1ae5281611c9dcc
2014-09-03,825.59,,ft,Approved,,2025-03-11T21:18:57.099472+00:00,e9286e10fdf94482b1ae5281611c9dcc
2014-09-04,825.57,,ft,Approved,,2025-03-11T21:18:57.099472+00:00,e9286e10fdf94482b1ae5281611c9dcc
2014-09-05,825.58,,ft,Approved,,2025-03-11T21:18:57.099472+00:00,e9286e10fdf94482b1ae5281611c9dcc
2014-09-06,825.59,,ft,Approved,,2025-03-11T21:18:57.099472+00:00,e9286e10fdf94482b1ae5281611c9dcc
2014-09-07,825.65,,ft,Approved,,2025-03-11T21:18:57.099472+00:00,e9286e10fdf94482b1ae5281611c9dcc
2014-09-08,825.69,,ft,Approved,,2025-03-11T21:18:57.099472+00:00,e9286e10fdf94482b1ae5281611c9dcc
2014-09-09,825.69,,ft,Approved,,2025-03-11T21:18:57.099472+00:00,e9286e10fdf94482b1ae5281611c9dcc
2014-09-10,825.68,,ft,Approved,,2025-03-11T21:18:57.099472+00:00,e9286e10fdf94482b1ae5281611c9dcc
2014-09-11,825.67,,ft,Approved,,2025-03-11T21:18:57.099472+00:00,e9286e10fdf94482b1ae5281611c9dcc
2014-09-12,825.66,,ft,Approved,,2025-03-11T21:18:57.099472+00:00,e9286e10fdf94482b1ae5281611c9dcc
2014-09-13,825.9,,ft,Approved,,2025-03-11T21:18:57.099472+00:00,e9286e10fdf94482b1ae5281611c9dcc
2014-09-14,826.96,,ft,Approved,,2025-03-11T21:18:57.099472+00:00,e9286e10fdf94482b1ae5281611c9dcc
2014-09-15,826.58,,ft,Approved,,2025-03-11T21:18:57.099472+00:00,e9286e10fdf94482b1ae5281611c9dcc
2014-09-16,826.62,,ft,Approved,,2025-03-11T21:18:57.099472+00:00,e9286e10fdf94482b1ae5281611c9dcc
2014-09-17,828.35,,ft,Approved,,2025-03-11T21:18:57.099472+00:00,e9286e10fdf94482b1ae5281611c9dcc
2014-09-18,828.76,,ft,Approved,,2025-03-11T21:18:57.099472+00:00,e9286e10fdf94482b1ae5281611c9dcc
2014-09-19,832.03,,ft,Approved,,2025-03-11T21:18:57.099472+00:00,e9286e10fdf94482b1ae5281611c9dcc
2014-09-20,832.79,,ft,Approved,,2025-03-11T21:18:57.099472+00:00,e9286e10fdf94482b1ae5281611c9dcc
2014-09-21,830.74,,ft,Approved,,2025-03-11T21:18:57.099472+00:00,e9286e10fdf94482b1ae5281611c9dcc
2014-09-22,828.16,,ft,Approved,,2025-03-11T21:18:57.099472+00:00,e9286e10fdf94482b1ae5281611c9dcc
2014-09-23,826.91,,ft,Approved,,2025-03-11T21:18:57.099472+00:00,e9286e10fdf94482b1ae5281611c9dcc
2014-09-24,826.55,,ft,Approved,,2025-03-11T21:18:57.099472+00:00,e9286e10fdf94482b1ae5281611c9dcc
2014-09-25,826.36,,ft,Approved,,2025-03-11T21:18:57.099472+00:00,e9286e10fdf94482b1ae5281611c9dcc
2014-09-26,826.27,,ft,Approved,,2025-03-11T21:18:57.099472+00:00,e9286e10fdf94482b1ae5281611c9dcc
2014-09-27,826.23,,ft,Approved,,2025-03-11T21:18:57.099472+00:00,e9286e10fdf94482b1ae5281611c9dcc
2014-09-28,826.2,,ft,Approved,,2025-03-11T21:18:57.099472+00:00,e9286e10fdf94482b1ae5281611c9dcc
2014-09-29,826.16,,ft,Approved,,2025-03-11T21:18:57.099472+00:00,e9286e10fdf94482b1ae5281611c9dcc
2014-09-30,826.13,,ft,Approved,,2025-03-11T21:18:57.099472+00:00,e9286e10fdf94482b1ae5281611c9dcc
2014-10-01,826.11,,ft,Approved,,2025-03-11T21:18:57.099472+00:00,e9286e10fdf94482b1ae5281611c9dcc
2014-10-02,826.09,,ft,Approved,,2025-03-11T21:18:57.099472+00:00,e9286e10fdf94482b1ae5281611c9dcc
2014-10-03,826.05,,ft,Approved,,2025-03-11T21:18:57.099472+00:00,e9286e10fdf94482b1ae5281611c9dcc
2014-10-04,826.03,,ft,Approved,,2025-03-11T21:18:57.099472+00:00,e9286e10fdf94482b1ae5281611c9dcc
2014-10-05,826.02,,ft,Approved,,2025-03-11T21:18:57.099472+00:00,e9286e10fdf94482b1ae5281611c9dcc
2014-10-06,826.01,,ft,Approved,,2025-03-11T21:18:57.099472+00:00,e9286e10fdf94482b1ae5281611c9dcc
2014-10-07,826.0,,ft,Approved,,2025-03-11T21:18:57.099472+00:00,e9286e10fdf94482b1ae5281611c9dcc
2014-10-08,825.99,,ft,Approved,,2025-03-11T21:18:57.099472+00:00,e9286e10fdf94482b1ae5281611c9dcc
2014-10-09,825.99,,ft,Approved,,2025-03-11T21:18:57.099472+00:00,e9286e10fdf94482b1ae5281611c9dcc
2014-10-10,826.01,,ft,Approved,,2025-03-11T21:18:57.099472+00:00,e9286e10fdf94482b1ae5281611c9dcc
2014-10-11,826.67,,ft,Approved,,2025-03-11T21:18:57.099472+00:00,e9286e10fdf94482b1ae5281611c9dcc
2014-10-12,827.17,,ft,Approved,,2025-03-11T21:18:57.099472+00:00,e9286e10fdf94482b1ae5281611c9dcc
2014-10-13,826.91,,ft,Approved,,2025-03-11T21:18:57.099472+00:00,e9286e10fdf94482b1ae5281611c9dcc
2014-10-14,826.7,,ft,Approved,,2025-03-11T21:18:57.099472+00:00,e9286e10fdf94482b1ae5281611c9dcc
2014-10-15,826.45,,ft,Approved,,2025-03-11T21:18:57.099472+00:00,e9286e10fdf94482b1ae5281611c9dcc
2014-10-16,826.31,,ft,Approved,,2025-03-11T21:18:57.099472+00:00,e9286e10fdf94482b1ae5281611c9dcc
2014-10-17,826.21,,ft,Approved,,2025-03-11T21:18:57.099472+00:00,e9286e10fdf94482b1ae5281611c9dcc
2014-10-18,826.16,,ft,Approved,,2025-03-11T21:18:57.099472+00:00,e9286e10fdf94482b1ae5281611c9dcc
2014-10-19,826.12,,ft,Approved,,2025-03-11T21:18:57.099472+00:00,e9286e10fdf94482b1ae5281611c9dcc
2014-10-20,826.1,,ft,Approved,,2025-03-11T21:18:57.099472+00:00,e9286e10fdf94482b1ae5281611c9dcc
2014-10-21,826.07,,ft,Approved,,2025-03-11T21:18:57.099472+00:00,e9286e10fdf94482b1ae5281611c9dcc
2014-10-22,826.03,,ft,Approved,,2025-03-11T21:18:57.099472+00:00,e9286e10fdf94482b1ae5281611c9dcc
2014-10-23,826.01,,ft,Approved,,2025-03-11T21:18:57.099472+00:00,e9286e10fdf94482b1ae5281611c9dcc
2014-10-24,826.0,,ft,Approved,,2025-03-11T21:18:57.099472+00:00,e9286e10fdf94482b1ae5281611c9dcc
2014-10-25,825.99,,ft,Approved,,2025-03-11T21:18:57.099472+00:00,e9286e10fdf94482b1ae5281611c9dcc
2014-10-26,825.98,,ft,Approved,,2025-03-11T21:18:57.099472+00:00,e9286e10fdf94482b1ae5281611c9dcc
2014-10-27,825.97,,ft,Approved,,2025-03-11T21:18:57.099472+00:00,e9286e10fdf94482b1ae5281611c9dcc
2014-10-28,825.96,,ft,Approved,,2025-03-11T21:18:57.099472+00:00,e9286e10fdf94482b1ae5281611c9dcc
2014-10-29,825.96,,ft,Approved,,2025-03-11T21:18:57.099472+00:00,e9286e10fdf94482b1ae5281611c9dcc
2014-10-30,825.95,,ft,Approved,,2025-03-11T21:18:57.099472+00:00,e9286e10fdf94482b1ae5281611c9dcc
2014-10-31,825.96,,ft,Approved,,2025-03-11T21:18:57.099472+00:00,e9286e10fdf94482b1ae5281611c9dcc
2014-11-01,825.96,,ft,Approved,,2025-03-11T21:18:57.099472+00:00,e9286e10fdf94482b1ae5281611c9dcc
2014-11-02,825.95,,ft,Approved,,2025-03-11T21:18:57.099472+00:00,e9286e10fdf94482b1ae5281611c9dcc
2014-11-03,825.94,,ft,Approved,,2025-03-11T21:18:57.099472+00:00,e9286e10fdf94482b1ae5281611c9dcc
2014-11-04,825.95,,ft,Approved,,2025-03-11T21:18:57.099472+00:00,e9286e10fdf94482b1ae5281611c9dcc
2014-11-05,826.74,,ft,Approved,,2025-03-11T21:18:57.099472+00:00,e9286e10fdf94482b1ae5281611c9dcc
2014-11-06,827.36,,ft,Approved,,2025-03-11T21:18:57.099472+00:00,e9286e10fdf94482b1ae5281611c9dcc
2014-11-07,826.85,,ft,Approved,,2025-03-11T21:18:57.099472+00:00,e9286e10fdf94482b1ae5281611c9dcc
2014-11-08,826.55,,ft,Approved,,2025-03-11T21:18:57.099472+00:00,e9286e10fdf94482b1ae5281611c9dcc
2014-11-09,826.38,,ft,Approved,,2025-03-11T21:18:57.099472+00:00,e9286e10fdf94482b1ae5281611c9dcc
2014-11-10,826.28,,ft,Approved,,2025-03-11T21:18:57.099472+00:00,e9286e10fdf94482b1ae5281611c9dcc
2014-11-11,826.21,,ft,Approved,,2025-03-11T21:18:57.099472+00:00,e9286e10fdf94482b1ae5281611c9dcc
2014-11-12,826.15,,ft,Approved,,2025-03-11T21:18:57.099472+00:00,e9286e10fdf94482b1ae5281611c9dcc
2014-11-13,826.11,,ft,Approved,,2025-03-11T21:18:57.099472+00:00,e9286e10fdf94482b1ae5281611c9dcc
2014-11-14,826.08,,ft,Approved,,2025-03-11T21:18:57.099472+00:00,e9286e10fdf94482b1ae5281611c9dcc
2014-11-15,826.08,,ft,Approved,,2025-03-11T21:18:57.099472+00:00,e9286e10fdf94482b1ae5281611c9dcc
2014-11-16,826.09,,ft,Approved,,2025-03-11T21:18:57.099472+00:00,e9286e10fdf94482b1ae5281611c9dcc
2014-11-17,826.08,,ft,Approved,,2025-03-11T21:18:57.099472+00:00,e9286e10fdf94482b1ae5281611c9dcc
2014-11-18,826.07,,ft,Approved,,2025-03-11T21:18:57.099472+00:00,e9286e10fdf94482b1ae5281611c9dcc
2014-11-19,826.06,,ft,Approved,,2025-03-11T21:18:57.099472+00:00,e9286e10fdf94482b1ae5281611c9dcc
2014-11-20,826.06,,ft,Approved,,2025-03-11T21:18:57.099472+00:00,e9286e10fdf94482b1ae5281611c9dcc
2014-11-21,826.11,,ft,Approved,,2025-03-11T21:18:57.099472+00:00,e9286e10fdf94482b1ae5281611c9dcc
2014-11-22,827.19,,ft,Approved,,2025-03-11T21:18:57.099472+00:00,e9286e10fdf94482b1ae5281611c9dcc
2014-11-23,829.83,,ft,Approved,,2025-03-11T21:18:57.099472+00:00,e9286e10fdf94482b1ae5281611c9dcc
2014-11-24,827.9,,ft,Approved,,2025-03-11T21:18:57.099472+00:00,e9286e10fdf94482b1ae5281611c9dcc
2014-11-25,826.97,,ft,Approved,,2025-03-11T21:18:57.099472+00:00,e9286e10fdf94482b1ae5281611c9dcc
2014-11-26,826.65,,ft,Approved,,2025-03-11T21:18:57.099472+00:00,e9286e10fdf94482b1ae5281611c9dcc
2014-11-27,826.48,,ft,Approved,,2025-03-11T21:18:57.099472+00:00,e9286e10fdf94482b1ae5281611c9dcc
2014-11-28,826.38,,ft,Approved,,2025-03-11T21:18:57.099472+00:00,e9286e10fdf94482b1ae5281611c9dcc
2014-11-29,826.31,,ft,Approved,,2025-03-11T21:18:57.099472+00:00,e9286e10fdf94482b1ae5281611c9dcc
2014-11-30,826.26,,ft,Approved,,2025-03-11T21:18:57.099472+00:00,e9286e10fdf94482b1ae5281611c9dcc
2014-12-01,826.22,,ft,Approved,,2025-03-11T21:18:57.099472+00:00,e9286e10fdf94482b1ae5281611c9dcc
2014-12-02,826.19,,ft,Approved,,2025-03-11T21:18:57.099472+00:00,e9286e10fdf94482b1ae5281611c9dcc
2014-12-03,826.18,,ft,Approved,,2025-03-11T21:18:57.099472+00:00,e9286e10fdf94482b1ae5281611c9dcc
2014-12-04,826.19,,ft,Approved,,2025-03-11T21:18:57.099472+00:00,e9286e10fdf94482b1ae5281611c9dcc
2014-12-05,826.21,,ft,Approved,,2025-03-11T21:18:57.099472+00:00,e9286e10fdf94482b1ae5281611c9dcc
2014-12-06,826.19,,ft,Approved,,2025-03-11T21:18:57.099472+00:00,e9286e10fdf94482b1ae5281611c9dcc
2014-12-07,826.17,,ft,Approved,,2025-03-11T21:18:57.099472+00:00,e9286e10fdf94482b1ae5281611c9dcc
2014-12-08,826.15,,ft,Approved,,2025-03-11T21:18:57.099472+00:00,e9286e10fdf94482b1ae5281611c9dcc
2014-12-09,826.15,,ft,Approved,,2025-03-11T21:18:57.099472+00:00,e9286e10fdf94482b1ae5281611c9dcc
2014-12-10,826.12,,ft,Approved,,2025-03-11T21:18:57.099472+00:00,e9286e10fdf94482b1ae5281611c9dcc
2014-12-11,826.12,,ft,Approved,,2025-03-11T21:18:57.099472+00:00,e9286e10fdf94482b1ae5281611c9dcc
2014-12-12,826.16,,ft,Approved,,2025-03-11T21:18:57.099472+00:00,e9286e10fdf94482b1ae5281611c9dcc
2014-12-13,826.14,,ft,Approved,,2025-03-11T21:18:57.099472+00:00,e9286e10fdf94482b1ae5281611c9dcc
2014-12-14,826.13,,ft,Approved,,2025-03-11T21:18:57.099472+00:00,e9286e10fdf94482b1ae5281611c9dcc
2014-12-15,826.13,,ft,Approved,,2025-03-11T21:18:57.099472+00:00,e9286e10fdf94482b1ae5281611c9dcc
2014-12-16,826.1,,ft,Approved,,2025-03-11T21:18:57.099472+00:00,e9286e10fdf94482b1ae5281611c9dcc
2014-12-17,826.09,,ft,Approved,,2025-03-11T21:18:57.099472+00:00,e9286e10fdf94482b1ae5281611c9dcc
2014-12-18,826.1,,ft,Approved,,2025-03-11T21:18:57.099472+00:00,e9286e10fdf94482b1ae5281611c9dcc
2014-12-19,826.15,,ft,Approved,,2025-03-11T21:18:57.099472+00:00,e9286e10fdf94482b1ae5281611c9dcc
2014-12-20,826.17,,ft,Approved,,2025-03-11T21:18:57.099472+00:00,e9286e10fdf94482b1ae5281611c9dcc
2014-12-21,826.16,,ft,Approved,,2025-03-11T21:18:57.099472+00:00,e9286e10fdf94482b1ae5281611c9dcc
2014-12-22,826.15,,ft,Approved,,2025-03-11T21:18:57.099472+00:00,e9286e10fdf94482b1ae5281611c9dcc
2014-12-23,826.13,,ft,Approved,,2025-03-11T21:18:57.099472+00:00,e9286e10fdf94482b1ae5281611c9dcc
2014-12-24,826.11,,ft,Approved,,2025-03-11T21:18:57.099472+00:00,e9286e10fdf94482b1ae5281611c9dcc
2014-12-25,826.09,,ft,Approved,,2025-03-11T21:18:57.099472+00:00,e9286e10fdf94482b1ae5281611c9dcc
2014-12-26,826.09,,ft,Approved,,2025-03-11T21:18:57.099472+00:00,e9286e10fdf94482b1ae5281611c9dcc
2014-12-27,826.08,,ft,Approved,,2025-03-11T21:18:57.099472+00:00,e9286e10fdf94482b1ae5281611c9dcc
2014-12-28,826.08,,ft,Approved,,2025-03-11T21:18:57.099472+00:00,e9286e10fdf94482b1ae5281611c9dcc
2014-12-29,826.09,,ft,Approved,,2025-03-11T21:18:57.099472+00:00,e9286e10fdf94482b1ae5281611c9dcc
2014-12-30,826.08,,ft,Approved,,2025-03-11T21:18:57.099472+00:00,e9286e10fdf94482b1ae5281611c9dcc
2014-12-31,826.07,,ft,Approved,,2025-03-11T21:18:57.099472+00:00,e9286e10fdf94482b1ae5281611c9dcc
2015-01-01,826.3,,ft,Approved,,2025-03-11T21:18:57.099472+00:00,e9286e10fdf94482b1ae5281611c9dcc
2015-01-02,826.55,,ft,Approved,,2025-03-11T21:18:57.099472+00:00,e9286e10fdf94482b1ae5281611c9dcc
2015-01-03,827.25,,ft,Approved,,2025-03-11T21:18:57.099472+00:00,e9286e10fdf94482b1ae5281611c9dcc
2015-01-04,827.0,,ft,Approved,,2025-03-11T21:18:57.099472+00:00,e9286e10fdf94482b1ae5281611c9dcc
2015-01-05,826.67,,ft,Approved,,2025-03-11T21:18:57.099472+00:00,e9286e10fdf94482b1ae5281611c9dcc
2015-01-06,826.49,,ft,Approved,,2025-03-11T21:18:57.099472+00:00,e9286e10fdf94482b1ae5281611c9dcc
2015-01-07,826.38,,ft,Approved,,2025-03-11T21:18:57.099472+00:00,e9286e10fdf94482b1ae5281611c9dcc
2015-01-08,826.28,,ft,Approved,,2025-03-11T21:18:57.099472+00:00,e9286e10fdf94482b1ae5281611c9dcc
2015-01-09,826.25,,ft,Approved,,2025-03-11T21:18:57.099472+00:00,e9286e10fdf94482b1ae5281611c9dcc
2015-01-10,826.25,,ft,Approved,,2025-03-11T21:18:57.099472+00:00,e9286e10fdf94482b1ae5281611c9dcc
2015-01-11,827.3,,ft,Approved,,2025-03-11T21:18:57.099472+00:00,e9286e10fdf94482b1ae5281611c9dcc
2015-01-12,827.05,,ft,Approved,,2025-03-11T21:18:57.099472+00:00,e9286e10fdf94482b1ae5281611c9dcc
2015-01-13,826.74,,ft,Approved,,2025-03-11T21:18:57.099472+00:00,e9286e10fdf94482b1ae5281611c9dcc
2015-01-14,826.57,,ft,Approved,,2025-03-11T21:18:57.099472+00:00,e9286e10fdf94482b1ae5281611c9dcc
2015-01-15,826.48,,ft,Approved,,2025-03-11T21:18:57.099472+00:00,e9286e10fdf94482b1ae5281611c9dcc
2015-01-16,826.4,,ft,Approved,,2025-03-11T21:18:57.099472+00:00,e9286e10fdf94482b1ae5281611c9dcc
2015-01-17,826.35,,ft,Approved,,2025-03-11T21:18:57.099472+00:00,e9286e10fdf94482b1ae5281611c9dcc
2015-01-18,826.31,,ft,Approved,,2025-03-11T21:18:57.099472+00:00,e9286e10fdf94482b1ae5281611c9dcc
2015-01-19,826.28,,ft,Approved,,2025-03-11T21:18:57.099472+00:00,e9286e10fdf94482b1ae5281611c9dcc
2015-01-20,826.26,,ft,Approved,,2025-03-11T21:18:57.099472+00:00,e9286e10fdf94482b1ae5281611c9dcc
2015-01-21,826.24,,ft,Approved,,2025-03-11T21:18:57.099472+00:00,e9286e10fdf94482b1ae5281611c9dcc
2015-01-22,828.38,,ft,Approved,,2025-03-11T21:18:57.099472+00:00,e9286e10fdf94482b1ae5281611c9dcc
2015-01-23,829.58,,ft,Approved,,2025-03-11T21:18:57.099472+00:00,e9286e10fdf94482b1ae5281611c9dcc
2015-01-24,828.15,,ft,Approved,,2025-03-11T21:18:57.099472+00:00,e9286e10fdf94482b1ae5281611c9dcc
2015-01-25,827.2,,ft,Approved,,2025-03-11T21:18:57.099472+00:00,e9286e10fdf94482b1ae5281611c9dcc
2015-01-26,826.95,,ft,Approved,,2025-03-11T21:18:57.099472+00:00,e9286e10fdf94482b1ae5281611c9dcc
2015-01-27,826.78,,ft,Approved,,2025-03-11T21:18:57.099472+00:00,e9286e10fdf94482b1ae5281611c9dcc
2015-01-28,826.68,,ft,Approved,,2025-03-11T21:18:57.099472+00:00,e9286e10fdf94482b1ae5281611c9dcc
2015-01-29,826.6,,ft,Approved,,2025-03-11T21:18:57.099472+00:00,e9286e10fdf94482b1ae5281611c9dcc
2015-01-30,826.53,,ft,Approved,,2025-03-11T21:18:57.099472+00:00,e9286e10fdf94482b1ae5281611c9dcc
2015-01-31,826.5,,ft,Approved,,2025-03-11T21:18:57.099472+00:00,e9286e10fdf94482b1ae5281611c9dcc
2015-02-01,826.63,,ft,Approved,,2025-03-11T21:18:57.099472+00:00,e9286e10fdf94482b1ae5281611c9dcc
2015-02-02,826.56,,ft,Approved,,2025-03-11T21:18:57.099472+00:00,e9286e10fdf94482b1ae5281611c9dcc
2015-02-03,826.52,,ft,Approved,,2025-03-11T21:18:57.099472+00:00,e9286e10fdf94482b1ae5281611c9dcc
2015-02-04,826.62,,ft,Approved,,2025-03-11T21:18:57.099472+00:00,e9286e10fdf94482b1ae5281611c9dcc
2015-02-05,826.57,,ft,Approved,,2025-03-11T21:18:57.099472+00:00,e9286e10fdf94482b1ae5281611c9dcc
2015-02-06,826.5,,ft,Approved,,2025-03-11T21:18:57.099472+00:00,e9286e10fdf94482b1ae5281611c9dcc
2015-02-07,826.45,,ft,Approved,,2025-03-11T21:18:57.099472+00:00,e9286e10fdf94482b1ae5281611c9dcc
2015-02-08,826.43,,ft,Approved,,2025-03-11T21:18:57.099472+00:00,e9286e10fdf94482b1ae5281611c9dcc
2015-02-09,826.39,,ft,Approved,,2025-03-11T21:18:57.099472+00:00,e9286e10fdf94482b1ae5281611c9dcc
2015-02-10,826.36,,ft,Approved,,2025-03-11T21:18:57.099472+00:00,e9286e10fdf94482b1ae5281611c9dcc
2015-02-11,826.35,,ft,Approved,,2025-03-11T21:18:57.099472+00:00,e9286e10fdf94482b1ae5281611c9dcc
2015-02-12,826.31,,ft,Approved,,2025-03-11T21:18:57.099472+00:00,e9286e10fdf94482b1ae5281611c9dcc
2015-02-13,826.28,,ft,Approved,,2025-03-11T21:18:57.099472+00:00,e9286e10fdf94482b1ae5281611c9dcc
2015-02-14,826.27,,ft,Approved,,2025-03-11T21:18:57.099472+00:00,e9286e10fdf94482b1ae5281611c9dcc
2015-02-15,826.26,,ft,Approved,,2025-03-11T21:18:57.099472+00:00,e9286e10fdf94482b1ae5281611c9dcc
2015-02-16,826.26,,ft,Approved,,2025-03-11T21:18:57.099472+00:00,e9286e10fdf94482b1ae5281611c9dcc
2015-02-17,826.24,,ft,Approved,,2025-03-11T21:18:57.099472+00:00,e9286e10fdf94482b1ae5281611c9dcc
2015-02-18,826.23,,ft,Approved,,2025-03-11T21:18:57.099472+00:00,e9286e10fdf94482b1ae5281611c9dcc
2015-02-19,826.22,,ft,Approved,,2025-03-11T21:18:57.099472+00:00,e9286e10fdf94482b1ae5281611c9dcc
2015-02-20,826.22,,ft,Approved,,2025-03-11T21:18:57.099472+00:00,e9286e10fdf94482b1ae5281611c9dcc
2015-02-21,826.22,,ft,Approved,,2025-03-11T21:18:57.099472+00:00,e9286e10fdf94482b1ae5281611c9dcc
2015-02-22,826.21,,ft,Approved,,2025-03-11T21:18:57.099472+00:00,e9286e10fdf94482b1ae5281611c9dcc
2015-02-23,826.2,,ft,Approved,,2025-03-11T21:18:57.099472+00:00,e9286e10fdf94482b1ae5281611c9dcc
2015-02-24,826.19,,ft,Approved,,2025-03-11T21:18:57.099472+00:00,e9286e10fdf94482b1ae5281611c9dcc
2015-02-25,826.2,,ft,Approved,,2025-03-11T21:18:57.099472+00:00,e9286e10fdf94482b1ae5281611c9dcc
2015-02-26,826.19,,ft,Approved,,2025-03-11T21:18:57.099472+00:00,e9286e10fdf94482b1ae5281611c9dcc
2015-02-27,826.17,,ft,Approved,,2025-03-11T21:18:57.099472+00:00,e9286e10fdf94482b1ae5281611c9dcc
2015-02-28,826.17,,ft,Approved,,2025-03-11T21:18:57.099472+00:00,e9286e10fdf94482b1ae5281611c9dcc
2015-03-01,826.22,,ft,Approved,,2025-03-11T21:18:57.099472+00:00,e9286e10fdf94482b1ae5281611c9dcc
2015-03-02,826.28,,ft,Approved,,2025-03-11T21:18:57.099472+00:00,e9286e10fdf94482b1ae5281611c9dcc
2015-03-03,826.28,,ft,Approved,,2025-03-11T21:18:57.099472+00:00,e9286e10fdf94482b1ae5281611c9dcc
2015-03-04,826.32,,ft,Approved,,2025-03-11T21:18:57.099472+00:00,e9286e10fdf94482b1ae5281611c9dcc
2015-03-05,826.78,,ft,Approved,,2025-03-11T21:18:57.099472+00:00,e9286e10fdf94482b1ae5281611c9dcc
2015-03-06,826.74,,ft,Approved,,2025-03-11T21:18:57.099472+00:00,e9286e10fdf94482b1ae5281611c9dcc
2015-03-07,826.56,,ft,Approved,,2025-03-11T21:18:57.099472+00:00,e9286e10fdf94482b1ae5281611c9dcc
2015-03-08,826.47,,ft,Approved,,2025-03-11T21:18:57.099472+00:00,e9286e10fdf94482b1ae5281611c9dcc
2015-03-09,829.27,,ft,Approved,,2025-03-11T21:18:57.099472+00:00,e9286e10fdf94482b1ae5281611c9dcc
2015-03-10,830.91,,ft,Approved,,2025-03-11T21:18:57.099472+00:00,e9286e10fdf94482b1ae5281611c9dcc
2015-03-11,828.85,,ft,Approved,,2025-03-11T21:18:57.099472+00:00,e9286e10fdf94482b1ae5281611c9dcc
2015-03-12,827.34,,ft,Approved,,2025-03-11T21:18:57.099472+00:00,e9286e10fdf94482b1ae5281611c9dcc
2015-03-13,827.03,,ft,Approved,,2025-03-11T21:18:57.099472+00:00,e9286e10fdf94482b1ae5281611c9dcc
2015-03-14,826.86,,ft,Approved,,2025-03-11T21:18:57.099472+00:00,e9286e10fdf94482b1ae5281611c9dcc
2015-03-15,826.73,,ft,Approved,,2025-03-11T21:18:57.099472+00:00,e9286e10fdf94482b1ae5281611c9dcc
2015-03-16,826.63,,ft,Approved,,2025-03-11T21:18:57.099472+00:00,e9286e10fdf94482b1ae5281611c9dcc
2015-03-17,826.56,,ft,Approved,,2025-03-11T21:18:57.099472+00:00,e9286e10fdf94482b1ae5281611c9dcc
2015-03-18,826.53,,ft,Approved,,2025-03-11T21:18:57.099472+00:00,e9286e10fdf94482b1ae5281611c9dcc
2015-03-19,826.52,,ft,Approved,,2025-03-11T21:18:57.099472+00:00,e9286e10fdf94482b1ae5281611c9dcc
2015-03-20,826.5,,ft,Approved,,2025-03-11T21:18:57.099472+00:00,e9286e10fdf94482b1ae5281611c9dcc
2015-03-21,827.1,,ft,Approved,,2025-03-11T21:18:57.099472+00:00,e9286e10fdf94482b1ae5281611c9dcc
2015-03-22,827.17,,ft,Approved,,2025-03-11T21:18:57.099472+00:00,e9286e10fdf94482b1ae5281611c9dcc
2015-03-23,826.9,,ft,Approved,,2025-03-11T21:18:57.099472+00:00,e9286e10fdf94482b1ae5281611c9dcc
2015-03-24,826.73,,ft,Approved,,2025-03-11T21:18:57.099472+00:00,e9286e10fdf94482b1ae5281611c9dcc
2015-03-25,826.63,,ft,Approved,,2025-03-11T21:18:57.099472+00:00,e9286e10fdf94482b1ae5281611c9dcc
2015-03-26,826.55,,ft,Approved,,2025-03-11T21:18:57.099472+00:00,e9286e10fdf94482b1ae5281611c9dcc
2015-03-27,826.48,,ft,Approved,,2025-03-11T21:18:57.099472+00:00,e9286e10fdf94482b1ae5281611c9dcc
2015-03-28,826.45,,ft,Approved,,2025-03-11T21:18:57.099472+00:00,e9286e10fdf94482b1ae5281611c9dcc
2015-03-29,826.41,,ft,Approved,,2025-03-11T21:18:57.099472+00:00,e9286e10fdf94482b1ae5281611c9dcc
2015-03-30,826.39,,ft,Approved,,2025-03-11T21:18:57.099472+00:00,e9286e10fdf94482b1ae5281611c9dcc
2015-03-31,826.37,,ft,Approved,,2025-03-11T21:18:57.099472+00:00,e9286e10fdf94482b1ae5281611c9dcc
2015-04-01,826.35,,ft,Approved,,2025-03-11T21:18:57.099472+00:00,e9286e10fdf94482b1ae5281611c9dcc
2015-04-02,826.33,,ft,Approved,,2025-03-11T21:18:57.099472+00:00,e9286e10fdf94482b1ae5281611c9dcc
2015-04-03,826.32,,ft,Approved,,2025-03-11T21:18:57.099472+00:00,e9286e10fdf94482b1ae5281611c9dcc
2015-04-04,826.28,,ft,Approved,,2025-03-11T21:18:57.099472+00:00,e9286e10fdf94482b1ae5281611c9dcc
2015-04-05,826.26,,ft,Approved,,2025-03-11T21:18:57.099472+00:00,e9286e10fdf94482b1ae5281611c9dcc
2015-04-06,826.27,,ft,Approved,,2025-03-11T21:18:57.099472+00:00,e9286e10fdf94482b1ae5281611c9dcc
2015-04-07,826.26,,ft,Approved,,2025-03-11T21:18:57.099472+00:00,e9286e10fdf94482b1ae5281611c9dcc
2015-04-08,826.23,,ft,Approved,,2025-03-11T21:18:57.099472+00:00,e9286e10fdf94482b1ae5281611c9dcc
2015-04-09,826.22,,ft,Approved,,2025-03-11T21:18:57.099472+00:00,e9286e10fdf94482b1ae5281611c9dcc
2015-04-10,826.21,,ft,Approved,,2025-03-11T21:18:57.099472+00:00,e9286e10fdf94482b1ae5281611c9dcc
2015-04-11,826.23,,ft,Approved,,2025-03-11T21:18:57.099472+00:00,e9286e10fdf94482b1ae5281611c9dcc
2015-04-12,826.24,,ft,Approved,,2025-03-11T21:18:57.099472+00:00,e9286e10fdf94482b1ae5281611c9dcc
2015-04-13,826.25,,ft,Approved,,2025-03-11T21:18:57.099472+00:00,e9286e10fdf94482b1ae5281611c9dcc
2015-04-14,826.22,,ft,Approved,,2025-03-11T21:18:57.099472+00:00,e9286e10fdf94482b1ae5281611c9dcc
2015-04-15,826.18,,ft,Approved,,2025-03-11T21:18:57.099472+00:00,e9286e10fdf94482b1ae5281611c9dcc
2015-04-16,826.16,,ft,Approved,,2025-03-11T21:18:57.099472+00:00,e9286e10fdf94482b1ae5281611c9dcc
2015-04-17,826.17,,ft,Approved,,2025-03-11T21:18:57.099472+00:00,e9286e10fdf94482b1ae5281611c9dcc
2015-04-18,827.02,,ft,Approved,,2025-03-11T21:18:57.099472+00:00,e9286e10fdf94482b1ae5281611c9dcc
2015-04-19,827.37,,ft,Approved,,2025-03-11T21:18:57.099472+00:00,e9286e10fdf94482b1ae5281611c9dcc
2015-04-20,826.9,,ft,Approved,,2025-03-11T21:18:57.099472+00:00,e9286e10fdf94482b1ae5281611c9dcc
2015-04-21,826.58,,ft,Approved,,2025-03-11T21:18:57.099472+00:00,e9286e10fdf94482b1ae5281611c9dcc
2015-04-22,826.42,,ft,Approved,,2025-03-11T21:18:57.099472+00:00,e9286e10fdf94482b1ae5281611c9dcc
2015-04-23,826.33,,ft,Approved,,2025-03-11T21:18:57.099472+00:00,e9286e10fdf94482b1ae5281611c9dcc
2015-04-24,826.43,,ft,Approved,,2025-03-11T21:18:57.099472+00:00,e9286e10fdf94482b1ae5281611c9dcc
2015-04-25,826.55,,ft,Approved,,2025-03-11T21:18:57.099472+00:00,e9286e10fdf94482b1ae5281611c9dcc
2015-04-26,826.39,,ft,Approved,,2025-03-11T21:18:57.099472+00:00,e9286e10fdf94482b1ae5281611c9dcc
2015-04-27,826.46,,ft,Approved,,2025-03-11T21:18:57.099472+00:00,e9286e10fdf94482b1ae5281611c9dcc
2015-04-28,826.45,,ft,Approved,,2025-03-11T21:18:57.099472+00:00,e9286e10fdf94482b1ae5281611c9dcc
2015-04-29,826.33,,ft,Approved,,2025-03-11T21:18:57.099472+00:00,e9286e10fdf94482b1ae5281611c9dcc
2015-04-30,826.27,,ft,Approved,,2025-03-11T21:18:57.099472+00:00,e9286e10fdf94482b1ae5281611c9dcc
2015-05-01,826.23,,ft,Approved,,2025-03-11T21:18:57.099472+00:00,e9286e10fdf94482b1ae5281611c9dcc
2015-05-02,826.19,,ft,Approved,,2025-03-11T21:18:57.099472+00:00,e9286e10fdf94482b1ae5281611c9dcc
2015-05-03,826.16,,ft,Approved,,2025-03-11T21:18:57.099472+00:00,e9286e10fdf94482b1ae5281611c9dcc
2015-05-04,826.14,,ft,Approved,,2025-03-11T21:18:57.099472+00:00,e9286e10fdf94482b1ae5281611c9dcc
2015-05-05,826.21,,ft,Approved,,2025-03-11T21:18:57.099472+00:00,e9286e10fdf94482b1ae5281611c9dcc
2015-05-06,831.47,,ft,Approved,,2025-03-11T21:18:57.099472+00:00,e9286e10fdf94482b1ae5281611c9dcc
2015-05-07,830.13,,ft,Approved,,2025-03-11T21:18:57.099472+00:00,e9286e10fdf94482b1ae5281611c9dcc
2015-05-08,827.82,,ft,Approved,,2025-03-11T21:18:57.099472+00:00,e9286e10fdf94482b1ae5281611c9dcc
2015-05-09,827.0,,ft,Approved,,2025-03-11T21:18:57.099472+00:00,e9286e10fdf94482b1ae5281611c9dcc
2015-05-10,826.7,,ft,Approved,,2025-03-11T21:18:57.099472+00:00,e9286e10fdf94482b1ae5281611c9dcc
2015-05-11,826.59,,ft,Approved,,2025-03-11T21:18:57.099472+00:00,e9286e10fdf94482b1ae5281611c9dcc
2015-05-12,826.62,,ft,Approved,,2025-03-11T21:18:57.099472+00:00,e9286e10fdf94482b1ae5281611c9dcc
2015-05-13,827.18,,ft,Approved,,2025-03-11T21:18:57.099472+00:00,e9286e10fdf94482b1ae5281611c9dcc
2015-05-14,827.55,,ft,Approved,,2025-03-11T21:18:57.099472+00:00,e9286e10fdf94482b1ae5281611c9dcc
2015-05-15,827.3,,ft,Approved,,2025-03-11T21:18:57.099472+00:00,e9286e10fdf94482b1ae5281611c9dcc
2015-05-16,827.18,,ft,Approved,,2025-03-11T21:18:57.099472+00:00,e9286e10fdf94482b1ae5281611c9dcc
2015-05-17,828.08,,ft,Approved,,2025-03-11T21:18:57.099472+00:00,e9286e10fdf94482b1ae5281611c9dcc
2015-05-18,827.93,,ft,Approved,,2025-03-11T21:18:57.099472+00:00,e9286e10fdf94482b1ae5281611c9dcc
2015-05-19,827.2,,ft,Approved,,2025-03-11T21:18:57.099472+00:00,e9286e10fdf94482b1ae5281611c9dcc
2015-05-20,826.99,,ft,Approved,,2025-03-11T21:18:57.099472+00:00,e9286e10fdf94482b1ae5281611c9dcc
2015-05-21,827.1,,ft,Approved,,2025-03-11T21:18:57.099472+00:00,e9286e10fdf94482b1ae5281611c9dcc
2015-05-22,827.0,,ft,Approved,,2025-03-11T21:18:57.099472+00:00,e9286e10fdf94482b1ae5281611c9dcc
2015-05-23,826.94,,ft,Approved,,2025-03-11T21:18:57.099472+00:00,e9286e10fdf94482b1ae5281611c9dcc
2015-05-24,830.56,,ft,Approved,,2025-03-11T21:18:57.099472+00:00,e9286e10fdf94482b1ae5281611c9dcc
2015-05-25,832.63,,ft,Approved,,2025-03-11T21:18:57.099472+00:00,e9286e10fdf94482b1ae5281611c9dcc
2015-05-26,838.46,,ft,Approved,,2025-03-11T21:18:57.099472+00:00,e9286e10fdf94482b1ae5281611c9dcc
2015-05-27,837.65,,ft,Approved,,2025-03-11T21:18:57.099472+00:00,e9286e10fdf94482b1ae5281611c9dcc
2015-05-28,836.54,,ft,Approved,,2025-03-11T21:18:57.099472+00:00,e9286e10fdf94482b1ae5281611c9dcc
2015-05-29,835.56,,ft,Approved,,2025-03-11T21:18:57.099472+00:00,e9286e10fdf94482b1ae5281611c9dcc
2015-05-30,834.3,,ft,Approved,,2025-03-11T21:18:57.099472+00:00,e9286e10fdf94482b1ae5281611c9dcc
2015-05-31,832.64,,ft,Approved,,2025-03-11T21:18:57.099472+00:00,e9286e10fdf94482b1ae5281611c9dcc
2015-06-01,830.59,,ft,Approved,,2025-03-11T21:18:57.099472+00:00,e9286e10fdf94482b1ae5281611c9dcc
2015-06-02,828.14,,ft,Approved,,2025-03-11T21:18:57.099472+00:00,e9286e10fdf94482b1ae5281611c9dcc
2015-06-03,827.05,,ft,Approved,,2025-03-11T21:18:57.099472+00:00,e9286e10fdf94482b1ae5281611c9dcc
2015-06-04,826.79,,ft,Approved,,2025-03-11T21:18:57.099472+00:00,e9286e10fdf94482b1ae5281611c9dcc
2015-06-05,826.65,,ft,Approved,,2025-03-11T21:18:57.099472+00:00,e9286e10fdf94482b1ae5281611c9dcc
2015-06-06,826.58,,ft,Approved,,2025-03-11T21:18:57.099472+00:00,e9286e10fdf94482b1ae5281611c9dcc
2015-06-07,826.54,,ft,Approved,,2025-03-11T21:18:57.099472+00:00,e9286e10fdf94482b1ae5281611c9dcc
2015-06-08,826.51,,ft,Approved,,2025-03-11T21:18:57.099472+00:00,e9286e10fdf94482b1ae5281611c9dcc
2015-06-09,826.47,,ft,Approved,,2025-03-11T21:18:57.099472+00:00,e9286e10fdf94482b1ae5281611c9dcc
2015-06-10,826.43,,ft,Approved,,2025-03-11T21:18:57.099472+00:00,e9286e10fdf94482b1ae5281611c9dcc
2015-06-11,826.42,,ft,Approved,,2025-03-11T21:18:57.099472+00:00,e9286e10fdf94482b1ae5281611c9dcc
2015-06-12,826.4,,ft,Approved,,2025-03-11T21:18:57.099472+00:00,e9286e10fdf94482b1ae5281611c9dcc
2015-06-13,826.39,,ft,Approved,,2025-03-11T21:18:57.099472+00:00,e9286e10fdf94482b1ae5281611c9dcc
2015-06-14,828.26,,ft,Approved,,2025-03-11T21:18:57.099472+00:00,e9286e10fdf94482b1ae5281611c9dcc
2015-06-15,832.21,,ft,Approved,,2025-03-11T21:18:57.099472+00:00,e9286e10fdf94482b1ae5281611c9dcc
2015-06-16,830.78,,ft,Approved,,2025-03-11T21:18:57.099472+00:00,e9286e10fdf94482b1ae5281611c9dcc
2015-06-17,830.72,,ft,Approved,,2025-03-11T21:18:57.099472+00:00,e9286e10fdf94482b1ae5281611c9dcc
2015-06-18,829.84,,ft,Approved,,2025-03-11T21:18:57.099472+00:00,e9286e10fdf94482b1ae5281611c9dcc
2015-06-19,828.12,,ft,Approved,,2025-03-11T21:18:57.099472+00:00,e9286e10fdf94482b1ae5281611c9dcc
2015-06-20,827.38,,ft,Approved,,2025-03-11T21:18:57.099472+00:00,e9286e10fdf94482b1ae5281611c9dcc
2015-06-21,828.79,,ft,Approved,,2025-03-11T21:18:57.099472+00:00,e9286e10fdf94482b1ae5281611c9dcc
2015-06-22,829.89,,ft,Approved,,2025-03-11T21:18:57.099472+00:00,e9286e10fdf94482b1ae5281611c9dcc
2015-06-23,828.23,,ft,Approved,,2025-03-11T21:18:57.099472+00:00,e9286e10fdf94482b1ae5281611c9dcc
2015-06-24,827.34,,ft,Approved,,2025-03-11T21:18:57.099472+00:00,e9286e10fdf94482b1ae5281611c9dcc
2015-06-25,827.14,,ft,Approved,,2025-03-11T21:18:57.099472+00:00,e9286e10fdf94482b1ae5281611c9dcc
2015-06-26,826.99,,ft,Approved,,2025-03-11T21:18:57.099472+00:00,e9286e10fdf94482b1ae5281611c9dcc
2015-06-27,826.99,,ft,Approved,,2025-03-11T21:18:57.099472+00:00,e9286e10fdf94482b1ae5281611c9dcc
2015-06-28,827.27,,ft,Approved,,2025-03-11T21:18:57.099472+00:00,e9286e10fdf94482b1ae5281611c9dcc
2015-06-29,827.17,,ft,Approved,,2025-03-11T21:18:57.099472+00:00,e9286e10fdf94482b1ae5281611c9dcc
2015-06-30,826.99,,ft,Approved,,2025-03-11T21:18:57.099472+00:00,e9286e10fdf94482b1ae5281611c9dcc
2015-07-01,827.29,,ft,Approved,,2025-03-11T21:18:57.099472+00:00,e9286e10fdf94482b1ae5281611c9dcc
2015-07-02,826.97,,ft,Approved,,2025-03-11T21:18:57.099472+00:00,e9286e10fdf94482b1ae5281611c9dcc
2015-07-03,826.78,,ft,Approved,,2025-03-11T21:18:57.099472+00:00,e9286e10fdf94482b1ae5281611c9dcc
2015-07-04,826.69,,ft,Approved,,2025-03-11T21:18:57.099472+00:00,e9286e10fdf94482b1ae5281611c9dcc
2015-07-05,826.64,,ft,Approved,,2025-03-11T21:18:57.099472+00:00,e9286e10fdf94482b1ae5281611c9dcc
2015-07-06,826.59,,ft,Approved,,2025-03-11T21:18:57.099472+00:00,e9286e10fdf94482b1ae5281611c9dcc
2015-07-07,826.54,,ft,Approved,,2025-03-11T21:18:57.099472+00:00,e9286e10fdf94482b1ae5281611c9dcc
2015-07-08,826.51,,ft,Approved,,2025-03-11T21:18:57.099472+00:00,e9286e10fdf94482b1ae5281611c9dcc
2015-07-09,826.47,,ft,Approved,,2025-03-11T21:18:57.099472+00:00,e9286e10fdf94482b1ae5281611c9dcc
2015-07-10,826.43,,ft,Approved,,2025-03-11T21:18:57.099472+00:00,e9286e10fdf94482b1ae5281611c9dcc
2015-07-11,826.4,,ft,Approved,,2025-03-11T21:18:57.099472+00:00,e9286e10fdf94482b1ae5281611c9dcc
2015-07-12,826.38,,ft,Approved,,2025-03-11T21:18:57.099472+00:00,e9286e10fdf94482b1ae5281611c9dcc
2015-07-13,826.35,,ft,Approved,,2025-03-11T21:18:57.099472+00:00,e9286e10fdf94482b1ae5281611c9dcc
2015-07-14,826.33,,ft,Approved,,2025-03-11T21:18:57.099472+00:00,e9286e10fdf94482b1ae5281611c9dcc
2015-07-15,826.31,,ft,Approved,,2025-03-11T21:18:57.099472+00:00,e9286e10fdf94482b1ae5281611c9dcc
2015-07-16,826.29,,ft,Approved,,2025-03-11T21:18:57.099472+00:00,e9286e10fdf94482b1ae5281611c9dcc
2015-07-17,826.27,,ft,Approved,,2025-03-11T21:18:57.099472+00:00,e9286e10fdf94482b1ae5281611c9dcc
2015-07-18,826.26,,ft,Approved,,2025-03-11T21:18:57.099472+00:00,e9286e10fdf94482b1ae5281611c9dcc
2015-07-19,826.24,,ft,Approved,,2025-03-11T21:18:57.099472+00:00,e9286e10fdf94482b1ae5281611c9dcc
2015-07-20,826.23,,ft,Approved,,2025-03-11T21:18:57.099472+00:00,e9286e10fdf94482b1ae5281611c9dcc
2015-07-21,826.21,,ft,Approved,,2025-03-11T21:18:57.099472+00:00,e9286e10fdf94482b1ae5281611c9dcc
2015-07-22,826.21,,ft,Approved,,2025-03-11T21:18:57.099472+00:00,e9286e10fdf94482b1ae5281611c9dcc
2015-07-23,826.19,,ft,Approved,,2025-03-11T21:18:57.099472+00:00,e9286e10fdf94482b1ae5281611c9dcc
2015-07-24,826.18,,ft,Approved,,2025-03-11T21:18:57.099472+00:00,e9286e10fdf94482b1ae5281611c9dcc
2015-07-25,826.15,,ft,Approved,,2025-03-11T21:18:57.099472+00:00,e9286e10fdf94482b1ae5281611c9dcc
2015-07-26,826.13,,ft,Approved,,2025-03-11T21:18:57.099472+00:00,e9286e10fdf94482b1ae5281611c9dcc
2015-07-27,826.11,,ft,Approved,,2025-03-11T21:18:57.099472+00:00,e9286e10fdf94482b1ae5281611c9dcc
2015-07-28,826.1,,ft,Approved,,2025-03-11T21:18:57.099472+00:00,e9286e10fdf94482b1ae5281611c9dcc
2015-07-29,826.1,,ft,Approved,,2025-03-11T21:18:57.099472+00:00,e9286e10fdf94482b1ae5281611c9dcc
2015-07-30,826.09,,ft,Approved,,2025-03-11T21:18:57.099472+00:00,e9286e10fdf94482b1ae5281611c9dcc
2015-07-31,826.07,,ft,Approved,,2025-03-11T21:18:57.099472+00:00,e9286e10fdf94482b1ae5281611c9dcc
2015-08-01,826.05,,ft,Approved,,2025-03-11T21:18:57.099472+00:00,e9286e10fdf94482b1ae5281611c9dcc
2015-08-02,826.04,,ft,Approved,,2025-03-11T21:18:57.099472+00:00,e9286e10fdf94482b1ae5281611c9dcc
2015-08-03,826.03,,ft,Approved,,2025-03-11T21:18:57.099472+00:00,e9286e10fdf94482b1ae5281611c9dcc
2015-08-04,826.03,,ft,Approved,,2025-03-11T21:18:57.099472+00:00,e9286e10fdf94482b1ae5281611c9dcc
2015-08-05,826.03,,ft,Approved,,2025-03-11T21:18:57.099472+00:00,e9286e10fdf94482b1ae5281611c9dcc
2015-08-06,826.01,,ft,Approved,,2025-03-11T21:18:57.099472+00:00,e9286e10fdf94482b1ae5281611c9dcc
2015-08-07,826.0,,ft,Approved,,2025-03-11T21:18:57.099472+00:00,e9286e10fdf94482b1ae5281611c9dcc
2015-08-08,825.99,,ft,Approved,,2025-03-11T21:18:57.099472+00:00,e9286e10fdf94482b1ae5281611c9dcc
2015-08-09,825.98,,ft,Approved,,2025-03-11T21:18:57.099472+00:00,e9286e10fdf94482b1ae5281611c9dcc
2015-08-10,825.98,,ft,Approved,,2025-03-11T21:18:57.099472+00:00,e9286e10fdf94482b1ae5281611c9dcc
2015-08-11,825.97,,ft,Approved,,2025-03-11T21:18:57.099472+00:00,e9286e10fdf94482b1ae5281611c9dcc
2015-08-12,825.96,,ft,Approved,,2025-03-11T21:18:57.099472+00:00,e9286e10fdf94482b1ae5281611c9dcc
2015-08-13,825.95,,ft,Approved,,2025-03-11T21:18:57.099472+00:00,e9286e10fdf94482b1ae5281611c9dcc
2015-08-14,825.94,,ft,Approved,,2025-03-11T21:18:57.099472+00:00,e9286e10fdf94482b1ae5281611c9dcc
2015-08-15,825.93,,ft,Approved,,2025-03-11T21:18:57.099472+00:00,e9286e10fdf94482b1ae5281611c9dcc
2015-08-16,825.93,,ft,Approved,,2025-03-11T21:18:57.099472+00:00,e9286e10fdf94482b1ae5281611c9dcc
2015-08-17,825.93,,ft,Approved,,2025-03-11T21:18:57.099472+00:00,e9286e10fdf94482b1ae5281611c9dcc
2015-08-18,825.92,,ft,Approved,,2025-03-11T21:18:57.099472+00:00,e9286e10fdf94482b1ae5281611c9dcc
2015-08-19,825.91,,ft,Approved,,2025-03-11T21:18:57.099472+00:00,e9286e10fdf94482b1ae5281611c9dcc
2015-08-20,825.89,,ft,Approved,,2025-03-11T21:18:57.099472+00:00,e9286e10fdf94482b1ae5281611c9dcc
2015-08-21,825.93,,ft,Approved,,2025-03-11T21:18:57.099472+00:00,e9286e10fdf94482b1ae5281611c9dcc
2015-08-22,825.99,,ft,Approved,,2025-03-11T21:18:57.099472+00:00,e9286e10fdf94482b1ae5281611c9dcc
2015-08-23,825.98,,ft,Approved,,2025-03-11T21:18:57.099472+00:00,e9286e10fdf94482b1ae5281611c9dcc
2015-08-24,825.95,,ft,Approved,,2025-03-11T21:18:57.099472+00:00,e9286e10fdf94482b1ae5281611c9dcc
2015-08-25,825.94,,ft,Approved,,2025-03-11T21:18:57.099472+00:00,e9286e10fdf94482b1ae5281611c9dcc
2015-08-26,825.93,,ft,Approved,,2025-03-11T21:18:57.099472+00:00,e9286e10fdf94482b1ae5281611c9dcc
2015-08-27,825.91,,ft,Approved,,2025-03-11T21:18:57.099472+00:00,e9286e10fdf94482b1ae5281611c9dcc
2015-08-28,825.89,,ft,Approved,,2025-03-11T21:18:57.099472+00:00,e9286e10fdf94482b1ae5281611c9dcc
2015-08-29,825.88,,ft,Approved,,2025-03-11T21:18:57.099472+00:00,e9286e10fdf94482b1ae5281611c9dcc
2015-08-30,825.87,,ft,Approved,,2025-03-11T21:18:57.099472+00:00,e9286e10fdf94482b1ae5281611c9dcc
2015-08-31,825.85,,ft,Approved,,2025-03-11T21:18:57.099472+00:00,e9286e10fdf94482b1ae5281611c9dcc
2015-09-01,825.83,,ft,Approved,,2025-03-11T21:18:57.099472+00:00,e9286e10fdf94482b1ae5281611c9dcc
2015-09-02,825.82,,ft,Approved,,2025-03-11T21:18:57.099472+00:00,e9286e10fdf94482b1ae5281611c9dcc
2015-09-03,825.83,,ft,Approved,,2025-03-11T21:18:57.099472+00:00,e9286e10fdf94482b1ae5281611c9dcc
2015-09-04,825.83,,ft,Approved,,2025-03-11T21:18:57.099472+00:00,e9286e10fdf94482b1ae5281611c9dcc
2015-09-05,825.83,,ft,Approved,,2025-03-11T21:18:57.099472+00:00,e9286e10fdf94482b1ae5281611c9dcc
2015-09-06,825.83,,ft,Approved,,2025-03-11T21:18:57.099472+00:00,e9286e10fdf94482b1ae5281611c9dcc
2015-09-07,825.83,,ft,Approved,,2025-03-11T21:18:57.099472+00:00,e9286e10fdf94482b1ae5281611c9dcc
2015-09-08,825.82,,ft,Approved,,2025-03-11T21:18:57.099472+00:00,e9286e10fdf94482b1ae5281611c9dcc
2015-09-09,825.84,,ft,Approved,,2025-03-11T21:18:57.099472+00:00,e9286e10fdf94482b1ae5281611c9dcc
2015-09-10,826.47,,ft,Approved,,2025-03-11T21:18:57.099472+00:00,e9286e10fdf94482b1ae5281611c9dcc
2015-09-11,826.31,,ft,Approved,,2025-03-11T21:18:57.099472+00:00,e9286e10fdf94482b1ae5281611c9dcc
2015-09-12,826.15,,ft,Approved,,2025-03-11T21:18:57.099472+00:00,e9286e10fdf94482b1ae5281611c9dcc
2015-09-13,826.05,,ft,Approved,,2025-03-11T21:18:57.099472+00:00,e9286e10fdf94482b1ae5281611c9dcc
2015-09-14,825.99,,ft,Approved,,2025-03-11T21:18:57.099472+00:00,e9286e10fdf94482b1ae5281611c9dcc
2015-09-15,825.96,,ft,Approved,,2025-03-11T21:18:57.099472+00:00,e9286e10fdf94482b1ae5281611c9dcc
2015-09-16,825.94,,ft,Approved,,2025-03-11T21:18:57.099472+00:00,e9286e10fdf94482b1ae5281611c9dcc
2015-09-17,825.94,,ft,Approved,,2025-03-11T21:18:57.099472+00:00,e9286e10fdf94482b1ae5281611c9dcc
2015-09-18,825.93,,ft,Approved,,2025-03-11T21:18:57.099472+00:00,e9286e10fdf94482b1ae5281611c9dcc
2015-09-19,825.92,,ft,Approved,,2025-03-11T21:18:57.099472+00:00,e9286e10fdf94482b1ae5281611c9dcc
2015-09-20,825.91,,ft,Approved,,2025-03-11T21:18:57.099472+00:00,e9286e10fdf94482b1ae5281611c9dcc
2015-09-21,825.91,,ft,Approved,,2025-03-11T21:18:57.099472+00:00,e9286e10fdf94482b1ae5281611c9dcc
2015-09-22,825.9,,ft,Approved,,2025-03-11T21:18:57.099472+00:00,e9286e10fdf94482b1ae5281611c9dcc
2015-09-23,825.88,,ft,Approved,,2025-03-11T21:18:57.099472+00:00,e9286e10fdf94482b1ae5281611c9dcc
2015-09-24,825.88,,ft,Approved,,2025-03-11T21:18:57.099472+00:00,e9286e10fdf94482b1ae5281611c9dcc
2015-09-25,825.87,,ft,Approved,,2025-03-11T21:18:57.099472+00:00,e9286e10fdf94482b1ae5281611c9dcc
2015-09-26,825.87,,ft,Approved,,2025-03-11T21:18:57.099472+00:00,e9286e10fdf94482b1ae5281611c9dcc
2015-09-27,825.86,,ft,Approved,,2025-03-11T21:18:57.099472+00:00,e9286e10fdf94482b1ae5281611c9dcc
2015-09-28,825.85,,ft,Approved,,2025-03-11T21:18:57.099472+00:00,e9286e10fdf94482b1ae5281611c9dcc
2015-09-29,825.85,,ft,Approved,,2025-03-11T21:18:57.099472+00:00,e9286e10fdf94482b1ae5281611c9dcc
2015-09-30,825.84,,ft,Approved,,2025-03-11T21:18:57.099472+00:00,e9286e10fdf94482b1ae5281611c9dcc
2015-10-01,825.84,,ft,Approved,,2025-03-11T21:18:57.099472+00:00,e9286e10fdf94482b1ae5281611c9dcc
2015-10-02,825.82,,ft,Approved,,2025-03-11T21:18:57.099472+00:00,e9286e10fdf94482b1ae5281611c9dcc
2015-10-03,825.82,,ft,Approved,,2025-03-11T21:18:57.099472+00:00,e9286e10fdf94482b1ae5281611c9dcc
2015-10-04,825.81,,ft,Approved,,2025-03-11T21:18:57.099472+00:00,e9286e10fdf94482b1ae5281611c9dcc
2015-10-05,825.81,,ft,Approved,,2025-03-11T21:18:57.099472+00:00,e9286e10fdf94482b1ae5281611c9dcc
2015-10-06,825.8,,ft,Approved,,2025-03-11T21:18:57.099472+00:00,e9286e10fdf94482b1ae5281611c9dcc
2015-10-07,825.8,,ft,Approved,,2025-03-11T21:18:57.099472+00:00,e9286e10fdf94482b1ae5281611c9dcc
2015-10-08,825.8,,ft,Approved,,2025-03-11T21:18:57.099472+00:00,e9286e10fdf94482b1ae5281611c9dcc
2015-10-09,825.81,,ft,Approved,,2025-03-11T21:18:57.099472+00:00,e9286e10fdf94482b1ae5281611c9dcc
2015-10-10,825.81,,ft,Approved,,2025-03-11T21:18:57.099472+00:00,e9286e10fdf94482b1ae5281611c9dcc
2015-10-11,825.81,,ft,Approved,,2025-03-11T21:18:57.099472+00:00,e9286e10fdf94482b1ae5281611c9dcc
2015-10-12,825.83,,ft,Approved,,2025-03-11T21:18:57.099472+00:00,e9286e10fdf94482b1ae5281611c9dcc
2015-10-13,825.88,,ft,Approved,,2025-03-11T21:18:57.099472+00:00,e9286e10fdf94482b1ae5281611c9dcc
2015-10-14,825.86,,ft,Approved,,2025-03-11T21:18:57.099472+00:00,e9286e10fdf94482b1ae5281611c9dcc
2015-10-15,825.85,,ft,Approved,,2025-03-11T21:18:57.099472+00:00,e9286e10fdf94482b1ae5281611c9dcc
2015-10-16,825.84,,ft,Approved,,2025-03-11T21:18:57.099472+00:00,e9286e10fdf94482b1ae5281611c9dcc
2015-10-17,825.84,,ft,Approved,,2025-03-11T21:18:57.099472+00:00,e9286e10fdf94482b1ae5281611c9dcc
2015-10-18,825.83,,ft,Approved,,2025-03-11T21:18:57.099472+00:00,e9286e10fdf94482b1ae5281611c9dcc
2015-10-19,825.82,,ft,Approved,,2025-03-11T21:18:57.099472+00:00,e9286e10fdf94482b1ae5281611c9dcc
2015-10-20,825.83,,ft,Approved,,2025-03-11T21:18:57.099472+00:00,e9286e10fdf94482b1ae5281611c9dcc
2015-10-21,825.84,,ft,Approved,,2025-03-11T21:18:57.099472+00:00,e9286e10fdf94482b1ae5281611c9dcc
2015-10-22,825.87,,ft,Approved,,2025-03-11T21:18:57.099472+00:00,e9286e10fdf94482b1ae5281611c9dcc
2015-10-23,825.93,,ft,Approved,,2025-03-11T21:18:57.099472+00:00,e9286e10fdf94482b1ae5281611c9dcc
2015-10-24,835.56,,ft,Approved,,2025-03-11T21:18:57.099472+00:00,e9286e10fdf94482b1ae5281611c9dcc
2015-10-25,839.86,,ft,Approved,,2025-03-11T21:18:57.099472+00:00,e9286e10fdf94482b1ae5281611c9dcc
2015-10-26,839.1,,ft,Approved,,2025-03-11T21:18:57.099472+00:00,e9286e10fdf94482b1ae5281611c9dcc
2015-10-27,837.93,,ft,Approved,,2025-03-11T21:18:57.099472+00:00,e9286e10fdf94482b1ae5281611c9dcc
2015-10-28,836.62,,ft,Approved,,2025-03-11T21:18:57.099472+00:00,e9286e10fdf94482b1ae5281611c9dcc
2015-10-29,835.11,,ft,Approved,,2025-03-11T21:18:57.099472+00:00,e9286e10fdf94482b1ae5281611c9dcc
2015-10-30,836.85,,ft,Approved,,2025-03-11T21:18:57.099472+00:00,e9286e10fdf94482b1ae5281611c9dcc
2015-10-31,842.08,,ft,Approved,,2025-03-11T21:18:57.099472+00:00,e9286e10fdf94482b1ae5281611c9dcc
2015-11-01,842.02,,ft,Approved,,2025-03-11T21:18:57.099472+00:00,e9286e10fdf94482b1ae5281611c9dcc
2015-11-02,841.15,,ft,Approved,,2025-03-11T21:18:57.099472+00:00,e9286e10fdf94482b1ae5281611c9dcc
2015-11-03,840.17,,ft,Approved,,2025-03-11T21:18:57.099472+00:00,e9286e10fdf94482b1ae5281611c9dcc
2015-11-04,839.09,,ft,Approved,,2025-03-11T21:18:57.099472+00:00,e9286e10fdf94482b1ae5281611c9dcc
2015-11-05,837.96,,ft,Approved,,2025-03-11T21:18:57.099472+00:00,e9286e10fdf94482b1ae5281611c9dcc
2015-11-06,837.08,,ft,Approved,,2025-03-11T21:18:57.099472+00:00,e9286e10fdf94482b1ae5281611c9dcc
2015-11-07,836.34,,ft,Approved,,2025-03-11T21:18:57.099472+00:00,e9286e10fdf94482b1ae5281611c9dcc
2015-11-08,835.61,,ft,Approved,,2025-03-11T21:18:57.099472+00:00,e9286e10fdf94482b1ae5281611c9dcc
2015-11-09,834.23,,ft,Approved,,2025-03-11T21:18:57.099472+00:00,e9286e10fdf94482b1ae5281611c9dcc
2015-11-10,832.56,,ft,Approved,,2025-03-11T21:18:57.099472+00:00,e9286e10fdf94482b1ae5281611c9dcc
2015-11-11,830.51,,ft,Approved,,2025-03-11T21:18:57.099472+00:00,e9286e10fdf94482b1ae5281611c9dcc
2015-11-12,828.07,,ft,Approved,,2025-03-11T21:18:57.099472+00:00,e9286e10fdf94482b1ae5281611c9dcc
2015-11-13,827.01,,ft,Approved,,2025-03-11T21:18:57.099472+00:00,e9286e10fdf94482b1ae5281611c9dcc
2015-11-14,826.73,,ft,Approved,,2025-03-11T21:18:57.099472+00:00,e9286e10fdf94482b1ae5281611c9dcc
2015-11-15,826.63,,ft,Approved,,2025-03-11T21:18:57.099472+00:00,e9286e10fdf94482b1ae5281611c9dcc
2015-11-16,826.58,,ft,Approved,,2025-03-11T21:18:57.099472+00:00,e9286e10fdf94482b1ae5281611c9dcc
2015-11-17,827.14,,ft,Approved,,2025-03-11T21:18:57.099472+00:00,e9286e10fdf94482b1ae5281611c9dcc
2015-11-18,827.19,,ft,Approved,,2025-03-11T21:18:57.099472+00:00,e9286e10fdf94482b1ae5281611c9dcc
2015-11-19,826.88,,ft,Approved,,2025-03-11T21:18:57.099472+00:00,e9286e10fdf94482b1ae5281611c9dcc
2015-11-20,826.7,,ft,Approved,,2025-03-11T21:18:57.099472+00:00,e9286e10fdf94482b1ae5281611c9dcc
2015-11-21,826.59,,ft,Approved,,2025-03-11T21:18:57.099472+00:00,e9286e10fdf94482b1ae5281611c9dcc
2015-11-22,826.51,,ft,Approved,,2025-03-11T21:18:57.099472+00:00,e9286e10fdf94482b1ae5281611c9dcc
2015-11-23,826.47,,ft,Approved,,2025-03-11T21:18:57.099472+00:00,e9286e10fdf94482b1ae5281611c9dcc
2015-11-24,826.43,,ft,Approved,,2025-03-11T21:18:57.099472+00:00,e9286e10fdf94482b1ae5281611c9dcc
2015-11-25,826.42,,ft,Approved,,2025-03-11T21:18:57.099472+00:00,e9286e10fdf94482b1ae5281611c9dcc
2015-11-26,826.42,,ft,Approved,,2025-03-11T21:18:57.099472+00:00,e9286e10fdf94482b1ae5281611c9dcc
2015-11-27,827.02,,ft,Approved,,2025-03-11T21:18:57.099472+00:00,e9286e10fdf94482b1ae5281611c9dcc
2015-11-28,827.33,,ft,Approved,,2025-03-11T21:18:57.099472+00:00,e9286e10fdf94482b1ae5281611c9dcc
2015-11-29,827.08,,ft,Approved,,2025-03-11T21:18:57.099472+00:00,e9286e10fdf94482b1ae5281611c9dcc
2015-11-30,826.88,,ft,Approved,,2025-03-11T21:18:57.099472+00:00,e9286e10fdf94482b1ae5281611c9dcc
2015-12-01,826.74,,ft,Approved,,2025-03-11T21:18:57.099472+00:00,e9286e10fdf94482b1ae5281611c9dcc
2015-12-02,826.63,,ft,Approved,,2025-03-11T21:18:57.099472+00:00,e9286e10fdf94482b1ae5281611c9dcc
2015-12-03,826.56,,ft,Approved,,2025-03-11T21:18:57.099472+00:00,e9286e10fdf94482b1ae5281611c9dcc
2015-12-04,826.5,,ft,Approved,,2025-03-11T21:18:57.099472+00:00,e9286e10fdf94482b1ae5281611c9dcc
2015-12-05,826.46,,ft,Approved,,2025-03-11T21:18:57.099472+00:00,e9286e10fdf94482b1ae5281611c9dcc
2015-12-06,826.43,,ft,Approved,,2025-03-11T21:18:57.099472+00:00,e9286e10fdf94482b1ae5281611c9dcc
2015-12-07,826.42,,ft,Approved,,2025-03-11T21:18:57.099472+00:00,e9286e10fdf94482b1ae5281611c9dcc
2015-12-08,826.4,,ft,Approved,,2025-03-11T21:18:57.099472+00:00,e9286e10fdf94482b1ae5281611c9dcc
2015-12-09,826.38,,ft,Approved,,2025-03-11T21:18:57.099472+00:00,e9286e10fdf94482b1ae5281611c9dcc
2015-12-10,826.36,,ft,Approved,,2025-03-11T21:18:57.099472+00:00,e9286e10fdf94482b1ae5281611c9dcc
2015-12-11,826.35,,ft,Approved,,2025-03-11T21:18:57.099472+00:00,e9286e10fdf94482b1ae5281611c9dcc
2015-12-12,826.4,,ft,Approved,,2025-03-11T21:18:57.099472+00:00,e9286e10fdf94482b1ae5281611c9dcc
2015-12-13,828.38,,ft,Approved,,2025-03-11T21:18:57.099472+00:00,e9286e10fdf94482b1ae5281611c9dcc
2015-12-14,827.76,,ft,Approved,,2025-03-11T21:18:57.099472+00:00,e9286e10fdf94482b1ae5281611c9dcc
2015-12-15,827.09,,ft,Approved,,2025-03-11T21:18:57.099472+00:00,e9286e10fdf94482b1ae5281611c9dcc
2015-12-16,826.85,,ft,Approved,,2025-03-11T21:18:57.099472+00:00,e9286e10fdf94482b1ae5281611c9dcc
2015-12-17,826.69,,ft,Approved,,2025-03-11T21:18:57.099472+00:00,e9286e10fdf94482b1ae5281611c9dcc
2015-12-18,826.59,,ft,Approved,,2025-03-11T21:18:57.099472+00:00,e9286e10fdf94482b1ae5281611c9dcc
2015-12-19,826.53,,ft,Approved,,2025-03-11T21:18:57.099472+00:00,e9286e10fdf94482b1ae5281611c9dcc
2015-12-20,826.49,,ft,Approved,,2025-03-11T21:18:57.099472+00:00,e9286e10fdf94482b1ae5281611c9dcc
2015-12-21,826.46,,ft,Approved,,2025-03-11T21:18:57.099472+00:00,e9286e10fdf94482b1ae5281611c9dcc
2015-12-22,826.44,,ft,Approved,,2025-03-11T21:18:57.099472+00:00,e9286e10fdf94482b1ae5281611c9dcc
2015-12-23,826.43,,ft,Approved,,2025-03-11T21:18:57.099472+00:00,e9286e10fdf94482b1ae5281611c9dcc
2015-12-24,826.4,,ft,Approved,,2025-03-11T21:18:57.099472+00:00,e9286e10fdf94482b1ae5281611c9dcc
2015-12-25,826.38,,ft,Approved,,2025-03-11T21:18:57.099472+00:00,e9286e10fdf94482b1ae5281611c9dcc
2015-12-26,826.37,,ft,Approved,,2025-03-11T21:18:57.099472+00:00,e9286e10fdf94482b1ae5281611c9dcc
2015-12-27,826.74,,ft,Approved,,2025-03-11T21:18:57.099472+00:00,e9286e10fdf94482b1ae5281611c9dcc
2015-12-28,827.34,,ft,Approved,,2025-03-11T21:18:57.099472+00:00,e9286e10fdf94482b1ae5281611c9dcc
2015-12-29,827.0,,ft,Approved,,2025-03-11T21:18:57.099472+00:00,e9286e10fdf94482b1ae5281611c9dcc
2015-12-30,826.79,,ft,Approved,,2025-03-11T21:18:57.099472+00:00,e9286e10fdf94482b1ae5281611c9dcc
2015-12-31,826.64,,ft,Approved,,2025-03-11T21:18:57.099472+00:00,e9286e10fdf94482b1ae5281611c9dcc
2016-01-01,826.55,,ft,Approved,,2025-03-11T21:18:57.099472+00:00,e9286e10fdf94482b1ae5281611c9dcc
2016-01-02,826.49,,ft,Approved,,2025-03-11T21:18:57.099472+00:00,e9286e10fdf94482b1ae5281611c9dcc
2016-01-03,826.48,,ft,Approved,,2025-03-11T21:18:57.099472+00:00,e9286e10fdf94482b1ae5281611c9dcc
2016-01-04,826.46,,ft,Approved,,2025-03-11T21:18:57.099472+00:00,e9286e10fdf94482b1ae5281611c9dcc
2016-01-05,826.44,,ft,Approved,,2025-03-11T21:18:57.099472+00:00,e9286e10fdf94482b1ae5281611c9dcc
2016-01-06,826.41,,ft,Approved,,2025-03-11T21:18:57.099472+00:00,e9286e10fdf94482b1ae5281611c9dcc
2016-01-07,826.42,,ft,Approved,,2025-03-11T21:18:57.099472+00:00,e9286e10fdf94482b1ae5281611c9dcc
2016-01-08,826.41,,ft,Approved,,2025-03-11T21:18:57.099472+00:00,e9286e10fdf94482b1ae5281611c9dcc
2016-01-09,826.38,,ft,Approved,,2025-03-11T21:18:57.099472+00:00,e9286e10fdf94482b1ae5281611c9dcc
2016-01-10,826.36,,ft,Approved,,2025-03-11T21:18:57.099472+00:00,e9286e10fdf94482b1ae5281611c9dcc
2016-01-11,826.35,,ft,Approved,,2025-03-11T21:18:57.099472+00:00,e9286e10fdf94482b1ae5281611c9dcc
2016-01-12,826.34,,ft,Approved,,2025-03-11T21:18:57.099472+00:00,e9286e10fdf94482b1ae5281611c9dcc
2016-01-13,826.33,,ft,Approved,,2025-03-11T21:18:57.099472+00:00,e9286e10fdf94482b1ae5281611c9dcc
2016-01-14,826.33,,ft,Approved,,2025-03-11T21:18:57.099472+00:00,e9286e10fdf94482b1ae5281611c9dcc
2016-01-15,826.32,,ft,Approved,,2025-03-11T21:18:57.099472+00:00,e9286e10fdf94482b1ae5281611c9dcc
2016-01-16,826.31,,ft,Approved,,2025-03-11T21:18:57.099472+00:00,e9286e10fdf94482b1ae5281611c9dcc
2016-01-17,826.29,,ft,Approved,,2025-03-11T21:18:57.099472+00:00,e9286e10fdf94482b1ae5281611c9dcc
2016-01-18,826.28,,ft,Approved,,2025-03-11T21:18:57.099472+00:00,e9286e10fdf94482b1ae5281611c9dcc
2016-01-19,826.27,,ft,Approved,,2025-03-11T21:18:57.099472+00:00,e9286e10fdf94482b1ae5281611c9dcc
2016-01-20,826.25,,ft,Approved,,2025-03-11T21:18:57.099472+00:00,e9286e10fdf94482b1ae5281611c9dcc
2016-01-21,826.23,,ft,Approved,,2025-03-11T21:18:57.099472+00:00,e9286e10fdf94482b1ae5281611c9dcc
2016-01-22,826.22,,ft,Approved,,2025-03-11T21:18:57.099472+00:00,e9286e10fdf94482b1ae5281611c9dcc
2016-01-23,826.23,,ft,Approved,,2025-03-11T21:18:57.099472+00:00,e9286e10fdf94482b1ae5281611c9dcc
2016-01-24,826.24,,ft,Approved,,2025-03-11T21:18:57.099472+00:00,e9286e10fdf94482b1ae5281611c9dcc
2016-01-25,826.24,,ft,Approved,,2025-03-11T21:18:57.099472+00:00,e9286e10fdf94482b1ae5281611c9dcc
2016-01-26,826.23,,ft,Approved,,2025-03-11T21:18:57.099472+00:00,e9286e10fdf94482b1ae5281611c9dcc
2016-01-27,826.2,,ft,Approved,,2025-03-11T21:18:57.099472+00:00,e9286e10fdf94482b1ae5281611c9dcc
2016-01-28,826.2,,ft,Approved,,2025-03-11T21:18:57.099472+00:00,e9286e10fdf94482b1ae5281611c9dcc
2016-01-29,826.21,,ft,Approved,,2025-03-11T21:18:57.099472+00:00,e9286e10fdf94482b1ae5281611c9dcc
2016-01-30,826.21,,ft,Approved,,2025-03-11T21:18:57.099472+00:00,e9286e10fdf94482b1ae5281611c9dcc
2016-01-31,826.21,,ft,Approved,,2025-03-11T21:18:57.099472+00:00,e9286e10fdf94482b1ae5281611c9dcc
2016-02-01,826.2,,ft,Approved,,2025-03-11T21:18:57.099472+00:00,e9286e10fdf94482b1ae5281611c9dcc
2016-02-02,826.18,,ft,Approved,,2025-03-11T21:18:57.099472+00:00,e9286e10fdf94482b1ae5281611c9dcc
2016-02-03,826.16,,ft,Approved,,2025-03-11T21:18:57.099472+00:00,e9286e10fdf94482b1ae5281611c9dcc
2016-02-04,826.15,,ft,Approved,,2025-03-11T21:18:57.099472+00:00,e9286e10fdf94482b1ae5281611c9dcc
2016-02-05,826.15,,ft,Approved,,2025-03-11T21:18:57.099472+00:00,e9286e10fdf94482b1ae5281611c9dcc
2016-02-06,826.17,,ft,Approved,,2025-03-11T21:18:57.099472+00:00,e9286e10fdf94482b1ae5281611c9dcc
2016-02-07,826.18,,ft,Approved,,2025-03-11T21:18:57.099472+00:00,e9286e10fdf94482b1ae5281611c9dcc
2016-02-08,826.15,,ft,Approved,,2025-03-11T21:18:57.099472+00:00,e9286e10fdf94482b1ae5281611c9dcc
2016-02-09,826.13,,ft,Approved,,2025-03-11T21:18:57.099472+00:00,e9286e10fdf94482b1ae5281611c9dcc
2016-02-10,826.13,,ft,Approved,,2025-03-11T21:18:57.099472+00:00,e9286e10fdf94482b1ae5281611c9dcc
2016-02-11,826.14,,ft,Approved,,2025-03-11T21:18:57.099472+00:00,e9286e10fdf94482b1ae5281611c9dcc
2016-02-12,826.14,,ft,Approved,,2025-03-11T21:18:57.099472+00:00,e9286e10fdf94482b1ae5281611c9dcc
2016-02-13,826.15,,ft,Approved,,2025-03-11T21:18:57.099472+00:00,e9286e10fdf94482b1ae5281611c9dcc
2016-02-14,826.16,,ft,Approved,,2025-03-11T21:18:57.099472+00:00,e9286e10fdf94482b1ae5281611c9dcc
2016-02-15,826.16,,ft,Approved,,2025-03-11T21:18:57.099472+00:00,e9286e10fdf94482b1ae5281611c9dcc
2016-02-16,826.16,,ft,Approved,,2025-03-11T21:18:57.099472+00:00,e9286e10fdf94482b1ae5281611c9dcc
2016-02-17,826.14,,ft,Approved,,2025-03-11T21:18:57.099472+00:00,e9286e10fdf94482b1ae5281611c9dcc
2016-02-18,826.13,,ft,Approved,,2025-03-11T21:18:57.099472+00:00,e9286e10fdf94482b1ae5281611c9dcc
2016-02-19,826.13,,ft,Approved,,2025-03-11T21:18:57.099472+00:00,e9286e10fdf94482b1ae5281611c9dcc
2016-02-20,826.12,,ft,Approved,,2025-03-11T21:18:57.099472+00:00,e9286e10fdf94482b1ae5281611c9dcc
2016-02-21,826.1,,ft,Approved,,2025-03-11T21:18:57.099472+00:00,e9286e10fdf94482b1ae5281611c9dcc
2016-02-22,826.08,,ft,Approved,,2025-03-11T21:18:57.099472+00:00,e9286e10fdf94482b1ae5281611c9dcc
2016-02-23,827.32,,ft,Approved,,2025-03-11T21:18:57.099472+00:00,e9286e10fdf94482b1ae5281611c9dcc
2016-02-24,827.07,,ft,Approved,,2025-03-11T21:18:57.099472+00:00,e9286e10fdf94482b1ae5281611c9dcc
2016-02-25,826.66,,ft,Approved,,2025-03-11T21:18:57.099472+00:00,e9286e10fdf94482b1ae5281611c9dcc
2016-02-26,826.45,,ft,Approved,,2025-03-11T21:18:57.099472+00:00,e9286e10fdf94482b1ae5281611c9dcc
2016-02-27,826.33,,ft,Approved,,2025-03-11T21:18:57.099472+00:00,e9286e10fdf94482b1ae5281611c9dcc
2016-02-28,826.26,,ft,Approved,,2025-03-11T21:18:57.099472+00:00,e9286e10fdf94482b1ae5281611c9dcc
2016-02-29,826.22,,ft,Approved,,2025-03-11T21:18:57.099472+00:00,e9286e10fdf94482b1ae5281611c9dcc
2016-03-01,826.19,,ft,Approved,,2025-03-11T21:18:57.099472+00:00,e9286e10fdf94482b1ae5281611c9dcc
2016-03-02,826.15,,ft,Approved,,2025-03-11T21:18:57.099472+00:00,e9286e10fdf94482b1ae5281611c9dcc
2016-03-03,826.13,,ft,Approved,,2025-03-11T21:18:57.099472+00:00,e9286e10fdf94482b1ae5281611c9dcc
2016-03-04,826.1,,ft,Approved,,2025-03-11T21:18:57.099472+00:00,e9286e10fdf94482b1ae5281611c9dcc
2016-03-05,826.08,,ft,Approved,,2025-03-11T21:18:57.099472+00:00,e9286e10fdf94482b1ae5281611c9dcc
2016-03-06,826.07,,ft,Approved,,2025-03-11T21:18:57.099472+00:00,e9286e10fdf94482b1ae5281611c9dcc
2016-03-07,826.07,,ft,Approved,,2025-03-11T21:18:57.099472+00:00,e9286e10fdf94482b1ae5281611c9dcc
2016-03-08,826.18,,ft,Approved,,2025-03-11T21:18:57.099472+00:00,e9286e10fdf94482b1ae5281611c9dcc
2016-03-09,828.41,,ft,Approved,,2025-03-11T21:18:57.099472+00:00,e9286e10fdf94482b1ae5281611c9dcc
2016-03-10,828.67,,ft,Approved,,2025-03-11T21:18:57.099472+00:00,e9286e10fdf94482b1ae5281611c9dcc
2016-03-11,827.61,,ft,Approved,,2025-03-11T21:18:57.099472+00:00,e9286e10fdf94482b1ae5281611c9dcc
2016-03-12,827.37,,ft,Approved,,2025-03-11T21:18:57.099472+00:00,e9286e10fdf94482b1ae5281611c9dcc
2016-03-13,827.07,,ft,Approved,,2025-03-11T21:18:57.099472+00:00,e9286e10fdf94482b1ae5281611c9dcc
2016-03-14,826.84,,ft,Approved,,2025-03-11T21:18:57.099472+00:00,e9286e10fdf94482b1ae5281611c9dcc
2016-03-15,826.68,,ft,Approved,,2025-03-11T21:18:57.099472+00:00,e9286e10fdf94482b1ae5281611c9dcc
2016-03-16,826.57,,ft,Approved,,2025-03-11T21:18:57.099472+00:00,e9286e10fdf94482b1ae5281611c9dcc
2016-03-17,826.5,,ft,Approved,,2025-03-11T21:18:57.099472+00:00,e9286e10fdf94482b1ae5281611c9dcc
2016-03-18,826.47,,ft,Approved,,2025-03-11T21:18:57.099472+00:00,e9286e10fdf94482b1ae5281611c9dcc
2016-03-19,826.52,,ft,Approved,,2025-03-11T21:18:57.099472+00:00,e9286e10fdf94482b1ae5281611c9dcc
2016-03-20,826.45,,ft,Approved,,2025-03-11T21:18:57.099472+00:00,e9286e10fdf94482b1ae5281611c9dcc
2016-03-21,826.38,,ft,Approved,,2025-03-11T21:18:57.099472+00:00,e9286e10fdf94482b1ae5281611c9dcc
2016-03-22,826.34,,ft,Approved,,2025-03-11T21:18:57.099472+00:00,e9286e10fdf94482b1ae5281611c9dcc
2016-03-23,826.33,,ft,Approved,,2025-03-11T21:18:57.099472+00:00,e9286e10fdf94482b1ae5281611c9dcc
2016-03-24,826.31,,ft,Approved,,2025-03-11T21:18:57.099472+00:00,e9286e10fdf94482b1ae5281611c9dcc
2016-03-25,826.28,,ft,Approved,,2025-03-11T21:18:57.099472+00:00,e9286e10fdf94482b1ae5281611c9dcc
2016-03-26,826.27,,ft,Approved,,2025-03-11T21:18:57.099472+00:00,e9286e10fdf94482b1ae5281611c9dcc
2016-03-27,826.25,,ft,Approved,,2025-03-11T21:18:57.099472+00:00,e9286e10fdf94482b1ae5281611c9dcc
2016-03-28,826.23,,ft,Approved,,2025-03-11T21:18:57.099472+00:00,e9286e10fdf94482b1ae5281611c9dcc
2016-03-29,826.22,,ft,Approved,,2025-03-11T21:18:57.099472+00:00,e9286e10fdf94482b1ae5281611c9dcc
2016-03-30,826.24,,ft,Approved,,2025-03-11T21:18:57.099472+00:00,e9286e10fdf94482b1ae5281611c9dcc
2016-03-31,826.24,,ft,Approved,,2025-03-11T21:18:57.099472+00:00,e9286e10fdf94482b1ae5281611c9dcc
2016-04-01,826.32,,ft,Approved,,2025-03-11T21:18:57.099472+00:00,e9286e10fdf94482b1ae5281611c9dcc
2016-04-02,826.46,,ft,Approved,,2025-03-11T21:18:57.099472+00:00,e9286e10fdf94482b1ae5281611c9dcc
2016-04-03,826.36,,ft,Approved,,2025-03-11T21:18:57.099472+00:00,e9286e10fdf94482b1ae5281611c9dcc
2016-04-04,826.28,,ft,Approved,,2025-03-11T21:18:57.099472+00:00,e9286e10fdf94482b1ae5281611c9dcc
2016-04-05,826.23,,ft,Approved,,2025-03-11T21:18:57.099472+00:00,e9286e10fdf94482b1ae5281611c9dcc
2016-04-06,826.18,,ft,Approved,,2025-03-11T21:18:57.099472+00:00,e9286e10fdf94482b1ae5281611c9dcc
2016-04-07,826.15,,ft,Approved,,2025-03-11T21:18:57.099472+00:00,e9286e10fdf94482b1ae5281611c9dcc
2016-04-08,826.12,,ft,Approved,,2025-03-11T21:18:57.099472+00:00,e9286e10fdf94482b1ae5281611c9dcc
2016-04-09,826.11,,ft,Approved,,2025-03-11T21:18:57.099472+00:00,e9286e10fdf94482b1ae5281611c9dcc
2016-04-10,826.12,,ft,Approved,,2025-03-11T21:18:57.099472+00:00,e9286e10fdf94482b1ae5281611c9dcc
2016-04-11,826.12,,ft,Approved,,2025-03-11T21:18:57.099472+00:00,e9286e10fdf94482b1ae5281611c9dcc
2016-04-12,826.11,,ft,Approved,,2025-03-11T21:18:57.099472+00:00,e9286e10fdf94482b1ae5281611c9dcc
2016-04-13,827.08,,ft,Approved,,2025-03-11T21:18:57.099472+00:00,e9286e10fdf94482b1ae5281611c9dcc
2016-04-14,826.89,,ft,Approved,,2025-03-11T21:18:57.099472+00:00,e9286e10fdf94482b1ae5281611c9dcc
2016-04-15,826.54,,ft,Approved,,2025-03-11T21:18:57.099472+00:00,e9286e10fdf94482b1ae5281611c9dcc
2016-04-16,826.39,,ft,Approved,,2025-03-11T21:18:57.099472+00:00,e9286e10fdf94482b1ae5281611c9dcc
2016-04-17,828.15,,ft,Approved,,2025-03-11T21:18:57.099472+00:00,e9286e10fdf94482b1ae5281611c9dcc
2016-04-18,833.39,,ft,Approved,,2025-03-11T21:18:57.099472+00:00,e9286e10fdf94482b1ae5281611c9dcc
2016-04-19,832.86,,ft,Approved,,2025-03-11T21:18:57.099472+00:00,e9286e10fdf94482b1ae5281611c9dcc
2016-04-20,831.5,,ft,Approved,,2025-03-11T21:18:57.099472+00:00,e9286e10fdf94482b1ae5281611c9dcc
2016-04-21,830.02,,ft,Approved,,2025-03-11T21:18:57.099472+00:00,e9286e10fdf94482b1ae5281611c9dcc
2016-04-22,828.13,,ft,Approved,,2025-03-11T21:18:57.099472+00:00,e9286e10fdf94482b1ae5281611c9dcc
2016-04-23,827.12,,ft,Approved,,2025-03-11T21:18:57.099472+00:00,e9286e10fdf94482b1ae5281611c9dcc
2016-04-24,826.85,,ft,Approved,,2025-03-11T21:18:57.099472+00:00,e9286e10fdf94482b1ae5281611c9dcc
2016-04-25,826.72,,ft,Approved,,2025-03-11T21:18:57.099472+00:00,e9286e10fdf94482b1ae5281611c9dcc
2016-04-26,826.61,,ft,Approved,,2025-03-11T21:18:57.099472+00:00,e9286e10fdf94482b1ae5281611c9dcc
2016-04-27,827.19,,ft,Approved,,2025-03-11T21:18:57.099472+00:00,e9286e10fdf94482b1ae5281611c9dcc
2016-04-28,827.07,,ft,Approved,,2025-03-11T21:18:57.099472+00:00,e9286e10fdf94482b1ae5281611c9dcc
2016-04-29,826.85,,ft,Approved,,2025-03-11T21:18:57.099472+00:00,e9286e10fdf94482b1ae5281611c9dcc
2016-04-30,826.69,,ft,Approved,,2025-03-11T21:18:57.099472+00:00,e9286e10fdf94482b1ae5281611c9dcc
2016-05-01,826.56,,ft,Approved,,2025-03-11T21:18:57.099472+00:00,e9286e10fdf94482b1ae5281611c9dcc
2016-05-02,826.59,,ft,Approved,,2025-03-11T21:18:57.099472+00:00,e9286e10fdf94482b1ae5281611c9dcc
2016-05-03,826.75,,ft,Approved,,2025-03-11T21:18:57.099472+00:00,e9286e10fdf94482b1ae5281611c9dcc
2016-05-04,826.57,,ft,Approved,,2025-03-11T21:18:57.099472+00:00,e9286e10fdf94482b1ae5281611c9dcc
2016-05-05,826.46,,ft,Approved,,2025-03-11T21:18:57.099472+00:00,e9286e10fdf94482b1ae5281611c9dcc
2016-05-06,826.39,,ft,Approved,,2025-03-11T21:18:57.099472+00:00,e9286e10fdf94482b1ae5281611c9dcc
2016-05-07,826.34,,ft,Approved,,2025-03-11T21:18:57.099472+00:00,e9286e10fdf94482b1ae5281611c9dcc
2016-05-08,826.3,,ft,Approved,,2025-03-11T21:18:57.099472+00:00,e9286e10fdf94482b1ae5281611c9dcc
2016-05-09,826.31,,ft,Approved,,2025-03-11T21:18:57.099472+00:00,e9286e10fdf94482b1ae5281611c9dcc
2016-05-10,826.27,,ft,Approved,,2025-03-11T21:18:57.099472+00:00,e9286e10fdf94482b1ae5281611c9dcc
2016-05-11,826.41,,ft,Approved,,2025-03-11T21:18:57.099472+00:00,e9286e10fdf94482b1ae5281611c9dcc
2016-05-12,826.44,,ft,Approved,,2025-03-11T21:18:57.099472+00:00,e9286e10fdf94482b1ae5281611c9dcc
2016-05-13,826.37,,ft,Approved,,2025-03-11T21:18:57.099472+00:00,e9286e10fdf94482b1ae5281611c9dcc
2016-05-14,826.48,,ft,Approved,,2025-03-11T21:18:57.099472+00:00,e9286e10fdf94482b1ae5281611c9dcc
2016-05-15,827.29,,ft,Approved,,2025-03-11T21:18:57.099472+00:00,e9286e10fdf94482b1ae5281611c9dcc
2016-05-16,827.1,,ft,Approved,,2025-03-11T21:18:57.099472+00:00,e9286e10fdf94482b1ae5281611c9dcc
2016-05-17,826.92,,ft,Approved,,2025-03-11T21:18:57.099472+00:00,e9286e10fdf94482b1ae5281611c9dcc
2016-05-18,826.91,,ft,Approved,,2025-03-11T21:18:57.099472+00:00,e9286e10fdf94482b1ae5281611c9dcc
2016-05-19,829.24,,ft,Approved,,2025-03-11T21:18:57.099472+00:00,e9286e10fdf94482b1ae5281611c9dcc
2016-05-20,830.86,,ft,Approved,,2025-03-11T21:18:57.099472+00:00,e9286e10fdf94482b1ae5281611c9dcc
2016-05-21,828.84,,ft,Approved,,2025-03-11T21:18:57.099472+00:00,e9286e10fdf94482b1ae5281611c9dcc
2016-05-22,827.26,,ft,Approved,,2025-03-11T21:18:57.099472+00:00,e9286e10fdf94482b1ae5281611c9dcc
2016-05-23,826.91,,ft,Approved,,2025-03-11T21:18:57.099472+00:00,e9286e10fdf94482b1ae5281611c9dcc
2016-05-24,826.73,,ft,Approved,,2025-03-11T21:18:57.099472+00:00,e9286e10fdf94482b1ae5281611c9dcc
2016-05-25,826.62,,ft,Approved,,2025-03-11T21:18:57.099472+00:00,e9286e10fdf94482b1ae5281611c9dcc
2016-05-26,826.55,,ft,Approved,,2025-03-11T21:18:57.099472+00:00,e9286e10fdf94482b1ae5281611c9dcc
2016-05-27,827.05,,ft,Approved,,2025-03-11T21:18:57.099472+00:00,e9286e10fdf94482b1ae5281611c9dcc
2016-05-28,826.95,,ft,Approved,,2025-03-11T21:18:57.099472+00:00,e9286e10fdf94482b1ae5281611c9dcc
2016-05-29,826.77,,ft,Approved,,2025-03-11T21:18:57.099472+00:00,e9286e10fdf94482b1ae5281611c9dcc
2016-05-30,826.79,,ft,Approved,,2025-03-11T21:18:57.099472+00:00,e9286e10fdf94482b1ae5281611c9dcc
2016-05-31,826.97,,ft,Approved,,2025-03-11T21:18:57.099472+00:00,e9286e10fdf94482b1ae5281611c9dcc
2016-06-01,827.4,,ft,Approved,,2025-03-11T21:18:57.099472+00:00,e9286e10fdf94482b1ae5281611c9dcc
2016-06-02,827.93,,ft,Approved,,2025-03-11T21:18:57.099472+00:00,e9286e10fdf94482b1ae5281611c9dcc
2016-06-03,827.95,,ft,Approved,,2025-03-11T21:18:57.099472+00:00,e9286e10fdf94482b1ae5281611c9dcc
2016-06-04,839.36,,ft,Approved,,2025-03-11T21:18:57.099472+00:00,e9286e10fdf94482b1ae5281611c9dcc
2016-06-05,838.96,,ft,Approved,,2025-03-11T21:18:57.099472+00:00,e9286e10fdf94482b1ae5281611c9dcc
2016-06-06,837.94,,ft,Approved,,2025-03-11T21:18:57.099472+00:00,e9286e10fdf94482b1ae5281611c9dcc
2016-06-07,836.75,,ft,Approved,,2025-03-11T21:18:57.099472+00:00,e9286e10fdf94482b1ae5281611c9dcc
2016-06-08,835.39,,ft,Approved,,2025-03-11T21:18:57.099472+00:00,e9286e10fdf94482b1ae5281611c9dcc
2016-06-09,833.8,,ft,Approved,,2025-03-11T21:18:57.099472+00:00,e9286e10fdf94482b1ae5281611c9dcc
2016-06-10,831.94,,ft,Approved,,2025-03-11T21:18:57.099472+00:00,e9286e10fdf94482b1ae5281611c9dcc
2016-06-11,829.69,,ft,Approved,,2025-03-11T21:18:57.099472+00:00,e9286e10fdf94482b1ae5281611c9dcc
2016-06-12,827.46,,ft,Approved,,2025-03-11T21:18:57.099472+00:00,e9286e10fdf94482b1ae5281611c9dcc
2016-06-13,826.81,,ft,Approved,,2025-03-11T21:18:57.099472+00:00,e9286e10fdf94482b1ae5281611c9dcc
2016-06-14,826.6,,ft,Approved,,2025-03-11T21:18:57.099472+00:00,e9286e10fdf94482b1ae5281611c9dcc
2016-06-15,826.5,,ft,Approved,,2025-03-11T21:18:57.099472+00:00,e9286e10fdf94482b1ae5281611c9dcc
2016-06-16,826.44,,ft,Approved,,2025-03-11T21:18:57.099472+00:00,e9286e10fdf94482b1ae5281611c9dcc
2016-06-17,826.37,,ft,Approved,,2025-03-11T21:18:57.099472+00:00,e9286e10fdf94482b1ae5281611c9dcc
2016-06-18,826.34,,ft,Approved,,2025-03-11T21:18:57.099472+00:00,e9286e10fdf94482b1ae5281611c9dcc
2016-06-19,826.3,,ft,Approved,,2025-03-11T21:18:57.099472+00:00,e9286e10fdf94482b1ae5281611c9dcc
2016-06-20,826.27,,ft,Approved,,2025-03-11T21:18:57.099472+00:00,e9286e10fdf94482b1ae5281611c9dcc
2016-06-21,826.24,,ft,Approved,,2025-03-11T21:18:57.099472+00:00,e9286e10fdf94482b1ae5281611c9dcc
2016-06-22,826.22,,ft,Approved,,2025-03-11T21:18:57.099472+00:00,e9286e10fdf94482b1ae5281611c9dcc
2016-06-23,826.18,,ft,Approved,,2025-03-11T21:18:57.099472+00:00,e9286e10fdf94482b1ae5281611c9dcc
2016-06-24,826.17,,ft,Approved,,2025-03-11T21:18:57.099472+00:00,e9286e10fdf94482b1ae5281611c9dcc
2016-06-25,826.16,,ft,Approved,,2025-03-11T21:18:57.099472+00:00,e9286e10fdf94482b1ae5281611c9dcc
2016-06-26,826.16,,ft,Approved,,2025-03-11T21:18:57.099472+00:00,e9286e10fdf94482b1ae5281611c9dcc
2016-06-27,826.14,,ft,Approved,,2025-03-11T21:18:57.099472+00:00,e9286e10fdf94482b1ae5281611c9dcc
2016-06-28,826.25,,ft,Approved,,2025-03-11T21:18:57.099472+00:00,e9286e10fdf94482b1ae5281611c9dcc
2016-06-29,826.85,,ft,Approved,,2025-03-11T21:18:57.099472+00:00,e9286e10fdf94482b1ae5281611c9dcc
2016-06-30,826.56,,ft,Approved,,2025-03-11T21:18:57.099472+00:00,e9286e10fdf94482b1ae5281611c9dcc
2016-07-01,826.36,,ft,Approved,,2025-03-11T21:18:57.099472+00:00,e9286e10fdf94482b1ae5281611c9dcc
2016-07-02,826.25,,ft,Approved,,2025-03-11T21:18:57.099472+00:00,e9286e10fdf94482b1ae5281611c9dcc
2016-07-03,826.18,,ft,Approved,,2025-03-11T21:18:57.099472+00:00,e9286e10fdf94482b1ae5281611c9dcc
2016-07-04,826.13,,ft,Approved,,2025-03-11T21:18:57.099472+00:00,e9286e10fdf94482b1ae5281611c9dcc
2016-07-05,826.09,,ft,Approved,,2025-03-11T21:18:57.099472+00:00,e9286e10fdf94482b1ae5281611c9dcc
2016-07-06,826.06,,ft,Approved,,2025-03-11T21:18:57.099472+00:00,e9286e10fdf94482b1ae5281611c9dcc
2016-07-07,826.04,,ft,Approved,,2025-03-11T21:18:57.099472+00:00,e9286e10fdf94482b1ae5281611c9dcc
2016-07-08,826.02,,ft,Approved,,2025-03-11T21:18:57.099472+00:00,e9286e10fdf94482b1ae5281611c9dcc
2016-07-09,826.0,,ft,Approved,,2025-03-11T21:18:57.099472+00:00,e9286e10fdf94482b1ae5281611c9dcc
2016-07-10,825.99,,ft,Approved,,2025-03-11T21:18:57.099472+00:00,e9286e10fdf94482b1ae5281611c9dcc
2016-07-11,825.98,,ft,Approved,,2025-03-11T21:18:57.099472+00:00,e9286e10fdf94482b1ae5281611c9dcc
2016-07-12,825.96,,ft,Approved,,2025-03-11T21:18:57.099472+00:00,e9286e10fdf94482b1ae5281611c9dcc
2016-07-13,825.95,,ft,Approved,,2025-03-11T21:18:57.099472+00:00,e9286e10fdf94482b1ae5281611c9dcc
2016-07-14,825.93,,ft,Approved,,2025-03-11T21:18:57.099472+00:00,e9286e10fdf94482b1ae5281611c9dcc
2016-07-15,825.9,,ft,Approved,,2025-03-11T21:18:57.099472+00:00,e9286e10fdf94482b1ae5281611c9dcc
2016-07-16,825.89,,ft,Approved,,2025-03-11T21:18:57.099472+00:00,e9286e10fdf94482b1ae5281611c9dcc
2016-07-17,825.87,,ft,Approved,,2025-03-11T21:18:57.099472+00:00,e9286e10fdf94482b1ae5281611c9dcc
2016-07-18,825.86,,ft,Approved,,2025-03-11T21:18:57.099472+00:00,e9286e10fdf94482b1ae5281611c9dcc
2016-07-19,825.85,,ft,Approved,,2025-03-11T21:18:57.099472+00:00,e9286e10fdf94482b1ae5281611c9dcc
2016-07-20,825.84,,ft,Approved,,2025-03-11T21:18:57.099472+00:00,e9286e10fdf94482b1ae5281611c9dcc
2016-07-21,825.83,,ft,Approved,,2025-03-11T21:18:57.099472+00:00,e9286e10fdf94482b1ae5281611c9dcc
2016-07-22,825.82,,ft,Approved,,2025-03-11T21:18:57.099472+00:00,e9286e10fdf94482b1ae5281611c9dcc
2016-07-23,825.8,,ft,Approved,,2025-03-11T21:18:57.099472+00:00,e9286e10fdf94482b1ae5281611c9dcc
2016-07-24,825.79,,ft,Approved,,2025-03-11T21:18:57.099472+00:00,e9286e10fdf94482b1ae5281611c9dcc
2016-07-25,825.94,,ft,Approved,,2025-03-11T21:18:57.099472+00:00,e9286e10fdf94482b1ae5281611c9dcc
2016-07-26,827.25,,ft,Approved,,2025-03-11T21:18:57.099472+00:00,e9286e10fdf94482b1ae5281611c9dcc
2016-07-27,827.48,,ft,Approved,,2025-03-11T21:18:57.099472+00:00,e9286e10fdf94482b1ae5281611c9dcc
2016-07-28,827.2,,ft,Approved,,2025-03-11T21:18:57.099472+00:00,e9286e10fdf94482b1ae5281611c9dcc
2016-07-29,826.69,,ft,Approved,,2025-03-11T21:18:57.099472+00:00,e9286e10fdf94482b1ae5281611c9dcc
2016-07-30,826.43,,ft,Approved,,2025-03-11T21:18:57.099472+00:00,e9286e10fdf94482b1ae5281611c9dcc
2016-07-31,826.26,,ft,Approved,,2025-03-11T21:18:57.099472+00:00,e9286e10fdf94482b1ae5281611c9dcc
2016-08-01,826.14,,ft,Approved,,2025-03-11T21:18:57.099472+00:00,e9286e10fdf94482b1ae5281611c9dcc
2016-08-02,826.07,,ft,Approved,,2025-03-11T21:18:57.099472+00:00,e9286e10fdf94482b1ae5281611c9dcc
2016-08-03,826.02,,ft,Approved,,2025-03-11T21:18:57.099472+00:00,e9286e10fdf94482b1ae5281611c9dcc
2016-08-04,825.98,,ft,Approved,,2025-03-11T21:18:57.099472+00:00,e9286e10fdf94482b1ae5281611c9dcc
2016-08-05,825.96,,ft,Approved,,2025-03-11T21:18:57.099472+00:00,e9286e10fdf94482b1ae5281611c9dcc
2016-08-06,825.94,,ft,Approved,,2025-03-11T21:18:57.099472+00:00,e9286e10fdf94482b1ae5281611c9dcc
2016-08-07,825.91,,ft,Approved,,2025-03-11T21:18:57.099472+00:00,e9286e10fdf94482b1ae5281611c9dcc
2016-08-08,825.9,,ft,Approved,,2025-03-11T21:18:57.099472+00:00,e9286e10fdf94482b1ae5281611c9dcc
2016-08-09,825.87,,ft,Approved,,2025-03-11T21:18:57.099472+00:00,e9286e10fdf94482b1ae5281611c9dcc
2016-08-10,825.86,,ft,Approved,,2025-03-11T21:18:57.099472+00:00,e9286e10fdf94482b1ae5281611c9dcc
2016-08-11,825.85,,ft,Approved,,2025-03-11T21:18:57.099472+00:00,e9286e10fdf94482b1ae5281611c9dcc
2016-08-12,825.83,,ft,Approved,,2025-03-11T21:18:57.099472+00:00,e9286e10fdf94482b1ae5281611c9dcc
2016-08-13,825.95,,ft,Approved,,2025-03-11T21:18:57.099472+00:00,e9286e10fdf94482b1ae5281611c9dcc
2016-08-14,826.62,,ft,Approved,,2025-03-11T21:18:57.099472+00:00,e9286e10fdf94482b1ae5281611c9dcc
2016-08-15,831.37,,ft,Approved,,2025-03-11T21:18:57.099472+00:00,e9286e10fdf94482b1ae5281611c9dcc
2016-08-16,834.7,,ft,Approved,,2025-03-11T21:18:57.099472+00:00,e9286e10fdf94482b1ae5281611c9dcc
2016-08-17,835.03,,ft,Approved,,2025-03-11T21:18:57.099472+00:00,e9286e10fdf94482b1ae5281611c9dcc
2016-08-18,835.23,,ft,Approved,,2025-03-11T21:18:57.099472+00:00,e9286e10fdf94482b1ae5281611c9dcc
2016-08-19,833.94,,ft,Approved,,2025-03-11T21:18:57.099472+00:00,e9286e10fdf94482b1ae5281611c9dcc
2016-08-20,832.35,,ft,Approved,,2025-03-11T21:18:57.099472+00:00,e9286e10fdf94482b1ae5281611c9dcc
2016-08-21,835.44,,ft,Approved,,2025-03-11T21:18:57.099472+00:00,e9286e10fdf94482b1ae5281611c9dcc
2016-08-22,836.66,,ft,Approved,,2025-03-11T21:18:57.099472+00:00,e9286e10fdf94482b1ae5281611c9dcc
2016-08-23,835.7,,ft,Approved,,2025-03-11T21:18:57.099472+00:00,e9286e10fdf94482b1ae5281611c9dcc
2016-08-24,834.35,,ft,Approved,,2025-03-11T21:18:57.099472+00:00,e9286e10fdf94482b1ae5281611c9dcc
2016-08-25,832.72,,ft,Approved,,2025-03-11T21:18:57.099472+00:00,e9286e10fdf94482b1ae5281611c9dcc
2016-08-26,830.68,,ft,Approved,,2025-03-11T21:18:57.099472+00:00,e9286e10fdf94482b1ae5281611c9dcc
2016-08-27,828.21,,ft,Approved,,2025-03-11T21:18:57.099472+00:00,e9286e10fdf94482b1ae5281611c9dcc
2016-08-28,826.98,,ft,Approved,,2025-03-11T21:18:57.099472+00:00,e9286e10fdf94482b1ae5281611c9dcc
2016-08-29,826.71,,ft,Approved,,2025-03-11T21:18:57.099472+00:00,e9286e10fdf94482b1ae5281611c9dcc
2016-08-30,826.61,,ft,Approved,,2025-03-11T21:18:57.099472+00:00,e9286e10fdf94482b1ae5281611c9dcc
2016-08-31,826.57,,ft,Approved,,2025-03-11T21:18:57.099472+00:00,e9286e10fdf94482b1ae5281611c9dcc
2016-09-01,826.48,,ft,Approved,,2025-03-11T21:18:57.099472+00:00,e9286e10fdf94482b1ae5281611c9dcc
2016-09-02,826.41,,ft,Approved,,2025-03-11T21:18:57.099472+00:00,e9286e10fdf94482b1ae5281611c9dcc
2016-09-03,826.36,,ft,Approved,,2025-03-11T21:18:57.099472+00:00,e9286e10fdf94482b1ae5281611c9dcc
2016-09-04,826.32,,ft,Approved,,2025-03-11T21:18:57.099472+00:00,e9286e10fdf94482b1ae5281611c9dcc
2016-09-05,826.32,,ft,Approved,,2025-03-11T21:18:57.099472+00:00,e9286e10fdf94482b1ae5281611c9dcc
2016-09-06,826.3,,ft,Approved,,2025-03-11T21:18:57.099472+00:00,e9286e10fdf94482b1ae5281611c9dcc
2016-09-07,826.26,,ft,Approved,,2025-03-11T21:18:57.099472+00:00,e9286e10fdf94482b1ae5281611c9dcc
2016-09-08,826.23,,ft,Approved,,2025-03-11T21:18:57.099472+00:00,e9286e10fdf94482b1ae5281611c9dcc
2016-09-09,826.19,,ft,Approved,,2025-03-11T21:18:57.099472+00:00,e9286e10fdf94482b1ae5281611c9dcc
2016-09-10,826.18,,ft,Approved,,2025-03-11T21:18:57.099472+00:00,e9286e10fdf94482b1ae5281611c9dcc
2016-09-11,826.24,,ft,Approved,,2025-03-11T21:18:57.099472+00:00,e9286e10fdf94482b1ae5281611c9dcc
2016-09-12,826.21,,ft,Approved,,2025-03-11T21:18:57.099472+00:00,e9286e10fdf94482b1ae5281611c9dcc
2016-09-13,826.17,,ft,Approved,,2025-03-11T21:18:57.099472+00:00,e9286e10fdf94482b1ae5281611c9dcc
2016-09-14,826.15,,ft,Approved,,2025-03-11T21:18:57.099472+00:00,e9286e10fdf94482b1ae5281611c9dcc
2016-09-15,826.13,,ft,Approved,,2025-03-11T21:18:57.099472+00:00,e9286e10fdf94482b1ae5281611c9dcc
2016-09-16,826.11,,ft,Approved,,2025-03-11T21:18:57.099472+00:00,e9286e10fdf94482b1ae5281611c9dcc
2016-09-17,826.09,,ft,Approved,,2025-03-11T21:18:57.099472+00:00,e9286e10fdf94482b1ae5281611c9dcc
2016-09-18,826.07,,ft,Approved,,2025-03-11T21:18:57.099472+00:00,e9286e10fdf94482b1ae5281611c9dcc
2016-09-19,826.05,,ft,Approved,,2025-03-11T21:18:57.099472+00:00,e9286e10fdf94482b1ae5281611c9dcc
2016-09-20,826.04,,ft,Approved,,2025-03-11T21:18:57.099472+00:00,e9286e10fdf94482b1ae5281611c9dcc
2016-09-21,826.03,,ft,Approved,,2025-03-11T21:18:57.099472+00:00,e9286e10fdf94482b1ae5281611c9dcc
2016-09-22,826.01,,ft,Approved,,2025-03-11T21:18:57.099472+00:00,e9286e10fdf94482b1ae5281611c9dcc
2016-09-23,826.0,,ft,Approved,,2025-03-11T21:18:57.099472+00:00,e9286e10fdf94482b1ae5281611c9dcc
2016-09-24,826.0,,ft,Approved,,2025-03-11T21:18:57.099472+00:00,e9286e10fdf94482b1ae5281611c9dcc
2016-09-25,826.12,,ft,Approved,,2025-03-11T21:18:57.099472+00:00,e9286e10fdf94482b1ae5281611c9dcc
2016-09-26,826.96,,ft,Approved,,2025-03-11T21:18:57.099472+00:00,e9286e10fdf94482b1ae5281611c9dcc
2016-09-27,826.63,,ft,Approved,,2025-03-11T21:18:57.099472+00:00,e9286e10fdf94482b1ae5281611c9dcc
2016-09-28,826.4,,ft,Approved,,2025-03-11T21:18:57.099472+00:00,e9286e10fdf94482b1ae5281611c9dcc
2016-09-29,826.27,,ft,Approved,,2025-03-11T21:18:57.099472+00:00,e9286e10fdf94482b1ae5281611c9dcc
2016-09-30,826.17,,ft,Approved,,2025-03-11T21:18:57.099472+00:00,e9286e10fdf94482b1ae5281611c9dcc
2016-10-01,826.12,,ft,Approved,,2025-03-11T21:18:57.099472+00:00,e9286e10fdf94482b1ae5281611c9dcc
2016-10-02,826.09,,ft,Approved,,2025-03-11T21:18:57.099472+00:00,e9286e10fdf94482b1ae5281611c9dcc
2016-10-03,826.06,,ft,Approved,,2025-03-11T21:18:57.099472+00:00,e9286e10fdf94482b1ae5281611c9dcc
2016-10-04,826.04,,ft,Approved,,2025-03-11T21:18:57.099472+00:00,e9286e10fdf94482b1ae5281611c9dcc
2016-10-05,826.03,,ft,Approved,,2025-03-11T21:18:57.099472+00:00,e9286e10fdf94482b1ae5281611c9dcc
2016-10-06,826.01,,ft,Approved,,2025-03-11T21:18:57.099472+00:00,e9286e10fdf94482b1ae5281611c9dcc
2016-10-07,826.0,,ft,Approved,,2025-03-11T21:18:57.099472+00:00,e9286e10fdf94482b1ae5281611c9dcc
2016-10-08,825.97,,ft,Approved,,2025-03-11T21:18:57.099472+00:00,e9286e10fdf94482b1ae5281611c9dcc
2016-10-09,825.96,,ft,Approved,,2025-03-11T21:18:57.099472+00:00,e9286e10fdf94482b1ae5281611c9dcc
2016-10-10,825.94,,ft,Approved,,2025-03-11T21:18:57.099472+00:00,e9286e10fdf94482b1ae5281611c9dcc
2016-10-11,825.94,,ft,Approved,,2025-03-11T21:18:57.099472+00:00,e9286e10fdf94482b1ae5281611c9dcc
2016-10-12,825.93,,ft,Approved,,2025-03-11T21:18:57.099472+00:00,e9286e10fdf94482b1ae5281611c9dcc
2016-10-13,825.93,,ft,Approved,,2025-03-11T21:18:57.099472+00:00,e9286e10fdf94482b1ae5281611c9dcc
2016-10-14,825.93,,ft,Approved,,2025-03-11T21:18:57.099472+00:00,e9286e10fdf94482b1ae5281611c9dcc
2016-10-15,825.94,,ft,Approved,,2025-03-11T21:18:57.099472+00:00,e9286e10fdf94482b1ae5281611c9dcc
2016-10-16,825.93,,ft,Approved,,2025-03-11T21:18:57.099472+00:00,e9286e10fdf94482b1ae5281611c9dcc
2016-10-17,825.92,,ft,Approved,,2025-03-11T21:18:57.099472+00:00,e9286e10fdf94482b1ae5281611c9dcc
2016-10-18,825.91,,ft,Approved,,2025-03-11T21:18:57.099472+00:00,e9286e10fdf94482b1ae5281611c9dcc
2016-10-19,825.91,,ft,Approved,,2025-03-11T21:18:57.099472+00:00,e9286e10fdf94482b1ae5281611c9dcc
2016-10-20,825.9,,ft,Approved,,2025-03-11T21:18:57.099472+00:00,e9286e10fdf94482b1ae5281611c9dcc
2016-10-21,825.88,,ft,Approved,,2025-03-11T21:18:57.099472+00:00,e9286e10fdf94482b1ae5281611c9dcc
2016-10-22,825.87,,ft,Approved,,2025-03-11T21:18:57.099472+00:00,e9286e10fdf94482b1ae5281611c9dcc
2016-10-23,825.87,,ft,Approved,,2025-03-11T21:18:57.099472+00:00,e9286e10fdf94482b1ae5281611c9dcc
2016-10-24,825.88,,ft,Approved,,2025-03-11T21:18:57.099472+00:00,e9286e10fdf94482b1ae5281611c9dcc
2016-10-25,825.89,,ft,Approved,,2025-03-11T21:18:57.099472+00:00,e9286e10fdf94482b1ae5281611c9dcc
2016-10-26,825.89,,ft,Approved,,2025-03-11T21:18:57.099472+00:00,e9286e10fdf94482b1ae5281611c9dcc
2016-10-27,825.89,,ft,Approved,,2025-03-11T21:18:57.099472+00:00,e9286e10fdf94482b1ae5281611c9dcc
2016-10-28,825.88,,ft,Approved,,2025-03-11T21:18:57.099472+00:00,e9286e10fdf94482b1ae5281611c9dcc
2016-10-29,825.87,,ft,Approved,,2025-03-11T21:18:57.099472+00:00,e9286e10fdf94482b1ae5281611c9dcc
2016-10-30,825.86,,ft,Approved,,2025-03-11T21:18:57.099472+00:00,e9286e10fdf94482b1ae5281611c9dcc
2016-10-31,825.86,,ft,Approved,,2025-03-11T21:18:57.099472+00:00,e9286e10fdf94482b1ae5281611c9dcc
2016-11-01,825.85,,ft,Approved,,2025-03-11T21:18:57.099472+00:00,e9286e10fdf94482b1ae5281611c9dcc
2016-11-02,825.87,,ft,Approved,,2025-03-11T21:18:57.099472+00:00,e9286e10fdf94482b1ae5281611c9dcc
2016-11-03,826.58,,ft,Approved,,2025-03-11T21:18:57.099472+00:00,e9286e10fdf94482b1ae5281611c9dcc
2016-11-04,828.07,,ft,Approved,,2025-03-11T21:18:57.099472+00:00,e9286e10fdf94482b1ae5281611c9dcc
2016-11-05,826.97,,ft,Approved,,2025-03-11T21:18:57.099472+00:00,e9286e10fdf94482b1ae5281611c9dcc
2016-11-06,826.72,,ft,Approved,,2025-03-11T21:18:57.099472+00:00,e9286e10fdf94482b1ae5281611c9dcc
2016-11-07,827.07,,ft,Approved,,2025-03-11T21:18:57.099472+00:00,e9286e10fdf94482b1ae5281611c9dcc
2016-11-08,826.88,,ft,Approved,,2025-03-11T21:18:57.099472+00:00,e9286e10fdf94482b1ae5281611c9dcc
2016-11-09,827.23,,ft,Approved,,2025-03-11T21:18:57.099472+00:00,e9286e10fdf94482b1ae5281611c9dcc
2016-11-10,826.92,,ft,Approved,,2025-03-11T21:18:57.099472+00:00,e9286e10fdf94482b1ae5281611c9dcc
2016-11-11,826.34,,ft,Approved,,2025-03-11T21:18:57.099472+00:00,e9286e10fdf94482b1ae5281611c9dcc
2016-11-12,826.14,,ft,Approved,,2025-03-11T21:18:57.099472+00:00,e9286e10fdf94482b1ae5281611c9dcc
2016-11-13,826.01,,ft,Approved,,2025-03-11T21:18:57.099472+00:00,e9286e10fdf94482b1ae5281611c9dcc
2016-11-14,825.94,,ft,Approved,,2025-03-11T21:18:57.099472+00:00,e9286e10fdf94482b1ae5281611c9dcc
2016-11-15,825.88,,ft,Approved,,2025-03-11T21:18:57.099472+00:00,e9286e10fdf94482b1ae5281611c9dcc
2016-11-16,825.83,,ft,Approved,,2025-03-11T21:18:57.099472+00:00,e9286e10fdf94482b1ae5281611c9dcc
2016-11-17,825.8,,ft,Approved,,2025-03-11T21:18:57.099472+00:00,e9286e10fdf94482b1ae5281611c9dcc
2016-11-18,825.78,,ft,Approved,,2025-03-11T21:18:57.099472+00:00,e9286e10fdf94482b1ae5281611c9dcc
2016-11-19,825.74,,ft,Approved,,2025-03-11T21:18:57.099472+00:00,e9286e10fdf94482b1ae5281611c9dcc
2016-11-20,825.72,,ft,Approved,,2025-03-11T21:18:57.099472+00:00,e9286e10fdf94482b1ae5281611c9dcc
2016-11-21,825.72,,ft,Approved,,2025-03-11T21:18:57.099472+00:00,e9286e10fdf94482b1ae5281611c9dcc
2016-11-22,825.72,,ft,Approved,,2025-03-11T21:18:57.099472+00:00,e9286e10fdf94482b1ae5281611c9dcc
2016-11-23,825.74,,ft,Approved,,2025-03-11T21:18:57.099472+00:00,e9286e10fdf94482b1ae5281611c9dcc
2016-11-24,825.74,,ft,Approved,,2025-03-11T21:18:57.099472+00:00,e9286e10fdf94482b1ae5281611c9dcc
2016-11-25,825.72,,ft,Approved,,2025-03-11T21:18:57.099472+00:00,e9286e10fdf94482b1ae5281611c9dcc
2016-11-26,825.7,,ft,Approved,,2025-03-11T21:18:57.099472+00:00,e9286e10fdf94482b1ae5281611c9dcc
2016-11-27,825.7,,ft,Approved,,2025-03-11T21:18:57.099472+00:00,e9286e10fdf94482b1ae5281611c9dcc
2016-11-28,825.69,,ft,Approved,,2025-03-11T21:18:57.099472+00:00,e9286e10fdf94482b1ae5281611c9dcc
2016-11-29,825.67,,ft,Approved,,2025-03-11T21:18:57.099472+00:00,e9286e10fdf94482b1ae5281611c9dcc
2016-11-30,825.66,,ft,Approved,,2025-03-11T21:18:57.099472+00:00,e9286e10fdf94482b1ae5281611c9dcc
2016-12-01,825.65,,ft,Approved,,2025-03-11T21:18:57.099472+00:00,e9286e10fdf94482b1ae5281611c9dcc
2016-12-02,825.65,,ft,Approved,,2025-03-11T21:18:57.099472+00:00,e9286e10fdf94482b1ae5281611c9dcc
2016-12-03,826.31,,ft,Approved,,2025-03-11T21:18:57.099472+00:00,e9286e10fdf94482b1ae5281611c9dcc
2016-12-04,826.95,,ft,Approved,,2025-03-11T21:18:57.099472+00:00,e9286e10fdf94482b1ae5281611c9dcc
2016-12-05,827.03,,ft,Approved,,2025-03-11T21:18:57.099472+00:00,e9286e10fdf94482b1ae5281611c9dcc
2016-12-06,826.88,,ft,Approved,,2025-03-11T21:18:57.099472+00:00,e9286e10fdf94482b1ae5281611c9dcc
2016-12-07,826.49,,ft,Approved,,2025-03-11T21:18:57.099472+00:00,e9286e10fdf94482b1ae5281611c9dcc
2016-12-08,826.25,,ft,Approved,,2025-03-11T21:18:57.099472+00:00,e9286e10fdf94482b1ae5281611c9dcc
2016-12-09,826.09,,ft,Approved,,2025-03-11T21:18:57.099472+00:00,e9286e10fdf94482b1ae5281611c9dcc
2016-12-10,826.01,,ft,Approved,,2025-03-11T21:18:57.099472+00:00,e9286e10fdf94482b1ae5281611c9dcc
2016-12-11,825.97,,ft,Approved,,2025-03-11T21:18:57.099472+00:00,e9286e10fdf94482b1ae5281611c9dcc
2016-12-12,825.94,,ft,Approved,,2025-03-11T21:18:57.099472+00:00,e9286e10fdf94482b1ae5281611c9dcc
2016-12-13,825.91,,ft,Approved,,2025-03-11T21:18:57.099472+00:00,e9286e10fdf94482b1ae5281611c9dcc
2016-12-14,825.86,,ft,Approved,,2025-03-11T21:18:57.099472+00:00,e9286e10fdf94482b1ae5281611c9dcc
2016-12-15,825.83,,ft,Approved,,2025-03-11T21:18:57.099472+00:00,e9286e10fdf94482b1ae5281611c9dcc
2016-12-16,825.81,,ft,Approved,,2025-03-11T21:18:57.099472+00:00,e9286e10fdf94482b1ae5281611c9dcc
2016-12-17,825.81,,ft,Approved,,2025-03-11T21:18:57.099472+00:00,e9286e10fdf94482b1ae5281611c9dcc
2016-12-18,825.77,,ft,Approved,,2025-03-11T21:18:57.099472+00:00,e9286e10fdf94482b1ae5281611c9dcc
2016-12-19,825.74,,ft,Approved,,2025-03-11T21:18:57.099472+00:00,e9286e10fdf94482b1ae5281611c9dcc
2016-12-20,825.73,,ft,Approved,,2025-03-11T21:18:57.099472+00:00,e9286e10fdf94482b1ae5281611c9dcc
2016-12-21,825.73,,ft,Approved,,2025-03-11T21:18:57.099472+00:00,e9286e10fdf94482b1ae5281611c9dcc
2016-12-22,825.72,,ft,Approved,,2025-03-11T21:18:57.099472+00:00,e9286e10fdf94482b1ae5281611c9dcc
2016-12-23,825.72,,ft,Approved,,2025-03-11T21:18:57.099472+00:00,e9286e10fdf94482b1ae5281611c9dcc
2016-12-24,825.74,,ft,Approved,,2025-03-11T21:18:57.099472+00:00,e9286e10fdf94482b1ae5281611c9dcc
2016-12-25,825.74,,ft,Approved,,2025-03-11T21:18:57.099472+00:00,e9286e10fdf94482b1ae5281611c9dcc
2016-12-26,825.72,,ft,Approved,,2025-03-11T21:18:57.099472+00:00,e9286e10fdf94482b1ae5281611c9dcc
2016-12-27,825.71,,ft,Approved,,2025-03-11T21:18:57.099472+00:00,e9286e10fdf94482b1ae5281611c9dcc
2016-12-28,825.7,,ft,Approved,,2025-03-11T21:18:57.099472+00:00,e9286e10fdf94482b1ae5281611c9dcc
2016-12-29,825.68,,ft,Approved,,2025-03-11T21:18:57.099472+00:00,e9286e10fdf94482b1ae5281611c9dcc
2016-12-30,825.66,,ft,Approved,,2025-03-11T21:18:57.099472+00:00,e9286e10fdf94482b1ae5281611c9dcc
2016-12-31,825.66,,ft,Approved,,2025-03-11T21:18:57.099472+00:00,e9286e10fdf94482b1ae5281611c9dcc
2017-01-01,825.67,,ft,Approved,,2025-03-11T21:18:57.099472+00:00,e9286e10fdf94482b1ae5281611c9dcc
2017-01-02,825.84,,ft,Approved,,2025-03-11T21:18:57.099472+00:00,e9286e10fdf94482b1ae5281611c9dcc
2017-01-03,825.97,,ft,Approved,,2025-03-11T21:18:57.099472+00:00,e9286e10fdf94482b1ae5281611c9dcc
2017-01-04,825.86,,ft,Approved,,2025-03-11T21:18:57.099472+00:00,e9286e10fdf94482b1ae5281611c9dcc
2017-01-05,825.8,,ft,Approved,,2025-03-11T21:18:57.099472+00:00,e9286e10fdf94482b1ae5281611c9dcc
2017-01-06,825.74,,ft,Approved,,2025-03-11T21:18:57.099472+00:00,e9286e10fdf94482b1ae5281611c9dcc
2017-01-07,825.71,,ft,Approved,,2025-03-11T21:18:57.099472+00:00,e9286e10fdf94482b1ae5281611c9dcc
2017-01-08,825.69,,ft,Approved,,2025-03-11T21:18:57.099472+00:00,e9286e10fdf94482b1ae5281611c9dcc
2017-01-09,825.69,,ft,Approved,,2025-03-11T21:18:57.099472+00:00,e9286e10fdf94482b1ae5281611c9dcc
2017-01-10,825.7,,ft,Approved,,2025-03-11T21:18:57.099472+00:00,e9286e10fdf94482b1ae5281611c9dcc
2017-01-11,825.7,,ft,Approved,,2025-03-11T21:18:57.099472+00:00,e9286e10fdf94482b1ae5281611c9dcc
2017-01-12,825.69,,ft,Approved,,2025-03-11T21:18:57.099472+00:00,e9286e10fdf94482b1ae5281611c9dcc
2017-01-13,825.99,,ft,Approved,,2025-03-11T21:18:57.099472+00:00,e9286e10fdf94482b1ae5281611c9dcc
2017-01-14,826.24,,ft,Approved,,2025-03-11T21:18:57.099472+00:00,e9286e10fdf94482b1ae5281611c9dcc
2017-01-15,826.04,,ft,Approved,,2025-03-11T21:18:57.099472+00:00,e9286e10fdf94482b1ae5281611c9dcc
2017-01-16,826.45,,ft,Approved,,2025-03-11T21:18:57.099472+00:00,e9286e10fdf94482b1ae5281611c9dcc
2017-01-17,826.45,,ft,Approved,,2025-03-11T21:18:57.099472+00:00,e9286e10fdf94482b1ae5281611c9dcc
2017-01-18,830.42,,ft,Approved,,2025-03-11T21:18:57.099472+00:00,e9286e10fdf94482b1ae5281611c9dcc
2017-01-19,830.96,,ft,Approved,,2025-03-11T21:18:57.099472+00:00,e9286e10fdf94482b1ae5281611c9dcc
2017-01-20,829.01,,ft,Approved,,2025-03-11T21:18:57.099472+00:00,e9286e10fdf94482b1ae5281611c9dcc
2017-01-21,827.06,,ft,Approved,,2025-03-11T21:18:57.099472+00:00,e9286e10fdf94482b1ae5281611c9dcc
2017-01-22,826.57,,ft,Approved,,2025-03-11T21:18:57.099472+00:00,e9286e10fdf94482b1ae5281611c9dcc
2017-01-23,826.35,,ft,Approved,,2025-03-11T21:18:57.099472+00:00,e9286e10fdf94482b1ae5281611c9dcc
2017-01-24,826.24,,ft,Approved,,2025-03-11T21:18:57.099472+00:00,e9286e10fdf94482b1ae5281611c9dcc
2017-01-25,826.15,,ft,Approved,,2025-03-11T21:18:57.099472+00:00,e9286e10fdf94482b1ae5281611c9dcc
2017-01-26,826.07,,ft,Approved,,2025-03-11T21:18:57.099472+00:00,e9286e10fdf94482b1ae5281611c9dcc
2017-01-27,826.02,,ft,Approved,,2025-03-11T21:18:57.099472+00:00,e9286e10fdf94482b1ae5281611c9dcc
2017-01-28,825.98,,ft,Approved,,2025-03-11T21:18:57.099472+00:00,e9286e10fdf94482b1ae5281611c9dcc
2017-01-29,825.95,,ft,Approved,,2025-03-11T21:18:57.099472+00:00,e9286e10fdf94482b1ae5281611c9dcc
2017-01-30,825.92,,ft,Approved,,2025-03-11T21:18:57.099472+00:00,e9286e10fdf94482b1ae5281611c9dcc
2017-01-31,825.9,,ft,Approved,,2025-03-11T21:18:57.099472+00:00,e9286e10fdf94482b1ae5281611c9dcc
2017-02-01,825.88,,ft,Approved,,2025-03-11T21:18:57.099472+00:00,e9286e10fdf94482b1ae5281611c9dcc
2017-02-02,825.86,,ft,Approved,,2025-03-11T21:18:57.099472+00:00,e9286e10fdf94482b1ae5281611c9dcc
2017-02-03,825.84,,ft,Approved,,2025-03-11T21:18:57.099472+00:00,e9286e10fdf94482b1ae5281611c9dcc
2017-02-04,825.83,,ft,Approved,,2025-03-11T21:18:57.099472+00:00,e9286e10fdf94482b1ae5281611c9dcc
2017-02-05,825.83,,ft,Approved,,2025-03-11T21:18:57.099472+00:00,e9286e10fdf94482b1ae5281611c9dcc
2017-02-06,825.83,,ft,Approved,,2025-03-11T21:18:57.099472+00:00,e9286e10fdf94482b1ae5281611c9dcc
2017-02-07,825.81,,ft,Approved,,2025-03-11T21:18:57.099472+00:00,e9286e10fdf94482b1ae5281611c9dcc
2017-02-08,825.79,,ft,Approved,,2025-03-11T21:18:57.099472+00:00,e9286e10fdf94482b1ae5281611c9dcc
2017-02-09,825.75,,ft,Approved,,2025-03-11T21:18:57.099472+00:00,e9286e10fdf94482b1ae5281611c9dcc
2017-02-10,825.74,,ft,Approved,,2025-03-11T21:18:57.099472+00:00,e9286e10fdf94482b1ae5281611c9dcc
2017-02-11,825.74,,ft,Approved,,2025-03-11T21:18:57.099472+00:00,e9286e10fdf94482b1ae5281611c9dcc
2017-02-12,825.74,,ft,Approved,,2025-03-11T21:18:57.099472+00:00,e9286e10fdf94482b1ae5281611c9dcc
2017-02-13,825.72,,ft,Approved,,2025-03-11T21:18:57.099472+00:00,e9286e10fdf94482b1ae5281611c9dcc
2017-02-14,826.39,,ft,Approved,,2025-03-11T21:18:57.099472+00:00,e9286e10fdf94482b1ae5281611c9dcc
2017-02-15,826.56,,ft,Approved,,2025-03-11T21:18:57.099472+00:00,e9286e10fdf94482b1ae5281611c9dcc
2017-02-16,826.24,,ft,Approved,,2025-03-11T21:18:57.099472+00:00,e9286e10fdf94482b1ae5281611c9dcc
2017-02-17,826.06,,ft,Approved,,2025-03-11T21:18:57.099472+00:00,e9286e10fdf94482b1ae5281611c9dcc
2017-02-18,825.97,,ft,Approved,,2025-03-11T21:18:57.099472+00:00,e9286e10fdf94482b1ae5281611c9dcc
2017-02-19,825.91,,ft,Approved,,2025-03-11T21:18:57.099472+00:00,e9286e10fdf94482b1ae5281611c9dcc
2017-02-20,827.3,,ft,Approved,,2025-03-11T21:18:57.099472+00:00,e9286e10fdf94482b1ae5281611c9dcc
2017-02-21,826.86,,ft,Approved,,2025-03-11T21:18:57.099472+00:00,e9286e10fdf94482b1ae5281611c9dcc
2017-02-22,826.49,,ft,Approved,,2025-03-11T21:18:57.099472+00:00,e9286e10fdf94482b1ae5281611c9dcc
2017-02-23,826.28,,ft,Approved,,2025-03-11T21:18:57.099472+00:00,e9286e10fdf94482b1ae5281611c9dcc
2017-02-24,826.15,,ft,Approved,,2025-03-11T21:18:57.099472+00:00,e9286e10fdf94482b1ae5281611c9dcc
2017-02-25,826.04,,ft,Approved,,2025-03-11T21:18:57.099472+00:00,e9286e10fdf94482b1ae5281611c9dcc
2017-02-26,825.98,,ft,Approved,,2025-03-11T21:18:57.099472+00:00,e9286e10fdf94482b1ae5281611c9dcc
2017-02-27,825.96,,ft,Approved,,2025-03-11T21:18:57.099472+00:00,e9286e10fdf94482b1ae5281611c9dcc
2017-02-28,825.94,,ft,Approved,,2025-03-11T21:18:57.099472+00:00,e9286e10fdf94482b1ae5281611c9dcc
2017-03-01,825.9,,ft,Approved,,2025-03-11T21:18:57.099472+00:00,e9286e10fdf94482b1ae5281611c9dcc
2017-03-02,825.85,,ft,Approved,,2025-03-11T21:18:57.099472+00:00,e9286e10fdf94482b1ae5281611c9dcc
2017-03-03,825.81,,ft,Approved,,2025-03-11T21:18:57.099472+00:00,e9286e10fdf94482b1ae5281611c9dcc
2017-03-04,825.85,,ft,Approved,,2025-03-11T21:18:57.099472+00:00,e9286e10fdf94482b1ae5281611c9dcc
2017-03-05,826.39,,ft,Approved,,2025-03-11T21:18:57.099472+00:00,e9286e10fdf94482b1ae5281611c9dcc
2017-03-06,826.38,,ft,Approved,,2025-03-11T21:18:57.099472+00:00,e9286e10fdf94482b1ae5281611c9dcc
2017-03-07,826.16,,ft,Approved,,2025-03-11T21:18:57.099472+00:00,e9286e10fdf94482b1ae5281611c9dcc
2017-03-08,826.03,,ft,Approved,,2025-03-11T21:18:57.099472+00:00,e9286e10fdf94482b1ae5281611c9dcc
2017-03-09,825.97,,ft,Approved,,2025-03-11T21:18:57.099472+00:00,e9286e10fdf94482b1ae5281611c9dcc
2017-03-10,825.92,,ft,Approved,,2025-03-11T21:18:57.099472+00:00,e9286e10fdf94482b1ae5281611c9dcc
2017-03-11,825.92,,ft,Approved,,2025-03-11T21:18:57.099472+00:00,e9286e10fdf94482b1ae5281611c9dcc
2017-03-12,826.53,,ft,Approved,,2025-03-11T21:18:57.099472+00:00,e9286e10fdf94482b1ae5281611c9dcc
2017-03-13,826.34,,ft,Approved,,2025-03-11T21:18:57.099472+00:00,e9286e10fdf94482b1ae5281611c9dcc
2017-03-14,826.13,,ft,Approved,,2025-03-11T21:18:57.099472+00:00,e9286e10fdf94482b1ae5281611c9dcc
2017-03-15,826.02,,ft,Approved,,2025-03-11T21:18:57.099472+00:00,e9286e10fdf94482b1ae5281611c9dcc
2017-03-16,825.96,,ft,Approved,,2025-03-11T21:18:57.099472+00:00,e9286e10fdf94482b1ae5281611c9dcc
2017-03-17,825.93,,ft,Approved,,2025-03-11T21:18:57.099472+00:00,e9286e10fdf94482b1ae5281611c9dcc
2017-03-18,825.9,,ft,Approved,,2025-03-11T21:18:57.099472+00:00,e9286e10fdf94482b1ae5281611c9dcc
2017-03-19,825.87,,ft,Approved,,2025-03-11T21:18:57.099472+00:00,e9286e10fdf94482b1ae5281611c9dcc
2017-03-20,825.84,,ft,Approved,,2025-03-11T21:18:57.099472+00:00,e9286e10fdf94482b1ae5281611c9dcc
2017-03-21,825.81,,ft,Approved,,2025-03-11T21:18:57.099472+00:00,e9286e10fdf94482b1ae5281611c9dcc
2017-03-22,825.79,,ft,Approved,,2025-03-11T21:18:57.099472+00:00,e9286e10fdf94482b1ae5281611c9dcc
2017-03-23,825.77,,ft,Approved,,2025-03-11T21:18:57.099472+00:00,e9286e10fdf94482b1ae5281611c9dcc
2017-03-24,825.75,,ft,Approved,,2025-03-11T21:18:57.099472+00:00,e9286e10fdf94482b1ae5281611c9dcc
2017-03-25,825.74,,ft,Approved,,2025-03-11T21:18:57.099472+00:00,e9286e10fdf94482b1ae5281611c9dcc
2017-03-26,825.74,,ft,Approved,,2025-03-11T21:18:57.099472+00:00,e9286e10fdf94482b1ae5281611c9dcc
2017-03-27,825.73,,ft,Approved,,2025-03-11T21:18:57.099472+00:00,e9286e10fdf94482b1ae5281611c9dcc
2017-03-28,825.72,,ft,Approved,,2025-03-11T21:18:57.099472+00:00,e9286e10fdf94482b1ae5281611c9dcc
2017-03-29,826.4,,ft,Approved,,2025-03-11T21:18:57.099472+00:00,e9286e10fdf94482b1ae5281611c9dcc
2017-03-30,826.4,,ft,Approved,,2025-03-11T21:18:57.099472+00:00,e9286e10fdf94482b1ae5281611c9dcc
2017-03-31,826.1,,ft,Approved,,2025-03-11T21:18:57.099472+00:00,e9286e10fdf94482b1ae5281611c9dcc
2017-04-01,825.94,,ft,Approved,,2025-03-11T21:18:57.099472+00:00,e9286e10fdf94482b1ae5281611c9dcc
2017-04-02,826.06,,ft,Approved,,2025-03-11T21:18:57.099472+00:00,e9286e10fdf94482b1ae5281611c9dcc
2017-04-03,826.29,,ft,Approved,,2025-03-11T21:18:57.099472+00:00,e9286e10fdf94482b1ae5281611c9dcc
2017-04-04,826.08,,ft,Approved,,2025-03-11T21:18:57.099472+00:00,e9286e10fdf94482b1ae5281611c9dcc
2017-04-05,825.92,,ft,Approved,,2025-03-11T21:18:57.099472+00:00,e9286e10fdf94482b1ae5281611c9dcc
2017-04-06,825.84,,ft,Approved,,2025-03-11T21:18:57.099472+00:00,e9286e10fdf94482b1ae5281611c9dcc
2017-04-07,825.79,,ft,Approved,,2025-03-11T21:18:57.099472+00:00,e9286e10fdf94482b1ae5281611c9dcc
2017-04-08,825.76,,ft,Approved,,2025-03-11T21:18:57.099472+00:00,e9286e10fdf94482b1ae5281611c9dcc
2017-04-09,825.74,,ft,Approved,,2025-03-11T21:18:57.099472+00:00,e9286e10fdf94482b1ae5281611c9dcc
2017-04-10,825.75,,ft,Approved,,2025-03-11T21:18:57.099472+00:00,e9286e10fdf94482b1ae5281611c9dcc
2017-04-11,825.95,,ft,Approved,,2025-03-11T21:18:57.099472+00:00,e9286e10fdf94482b1ae5281611c9dcc
2017-04-12,826.48,,ft,Approved,,2025-03-11T21:18:57.099472+00:00,e9286e10fdf94482b1ae5281611c9dcc
2017-04-13,826.2,,ft,Approved,,2025-03-11T21:18:57.099472+00:00,e9286e10fdf94482b1ae5281611c9dcc
2017-04-14,826.0,,ft,Approved,,2025-03-11T21:18:57.099472+00:00,e9286e10fdf94482b1ae5281611c9dcc
2017-04-15,825.89,,ft,Approved,,2025-03-11T21:18:57.099472+00:00,e9286e10fdf94482b1ae5281611c9dcc
2017-04-16,825.83,,ft,Approved,,2025-03-11T21:18:57.099472+00:00,e9286e10fdf94482b1ae5281611c9dcc
2017-04-17,825.78,,ft,Approved,,2025-03-11T21:18:57.099472+00:00,e9286e10fdf94482b1ae5281611c9dcc
2017-04-18,825.76,,ft,Approved,,2025-03-11T21:18:57.099472+00:00,e9286e10fdf94482b1ae5281611c9dcc
2017-04-19,825.74,,ft,Approved,,2025-03-11T21:18:57.099472+00:00,e9286e10fdf94482b1ae5281611c9dcc
2017-04-20,825.72,,ft,Approved,,2025-03-11T21:18:57.099472+00:00,e9286e10fdf94482b1ae5281611c9dcc
2017-04-21,825.7,,ft,Approved,,2025-03-11T21:18:57.099472+00:00,e9286e10fdf94482b1ae5281611c9dcc
2017-04-22,825.69,,ft,Approved,,2025-03-11T21:18:57.099472+00:00,e9286e10fdf94482b1ae5281611c9dcc
2017-04-23,825.67,,ft,Approved,,2025-03-11T21:18:57.099472+00:00,e9286e10fdf94482b1ae5281611c9dcc
2017-04-24,825.65,,ft,Approved,,2025-03-11T21:18:57.099472+00:00,e9286e10fdf94482b1ae5281611c9dcc
2017-04-25,825.66,,ft,Approved,,2025-03-11T21:18:57.099472+00:00,e9286e10fdf94482b1ae5281611c9dcc
2017-04-26,825.65,,ft,Approved,,2025-03-11T21:18:57.099472+00:00,e9286e10fdf94482b1ae5281611c9dcc
2017-04-27,825.62,,ft,Approved,,2025-03-11T21:18:57.099472+00:00,e9286e10fdf94482b1ae5281611c9dcc
2017-04-28,825.61,,ft,Approved,,2025-03-11T21:18:57.099472+00:00,e9286e10fdf94482b1ae5281611c9dcc
2017-04-29,825.6,,ft,Approved,,2025-03-11T21:18:57.099472+00:00,e9286e10fdf94482b1ae5281611c9dcc
2017-04-30,825.58,,ft,Approved,,2025-03-11T21:18:57.099472+00:00,e9286e10fdf94482b1ae5281611c9dcc
2017-05-01,825.58,,ft,Approved,,2025-03-11T21:18:57.099472+00:00,e9286e10fdf94482b1ae5281611c9dcc
2017-05-02,825.56,,ft,Approved,,2025-03-11T21:18:57.099472+00:00,e9286e10fdf94482b1ae5281611c9dcc
2017-05-03,825.55,,ft,Approved,,2025-03-11T21:18:57.099472+00:00,e9286e10fdf94482b1ae5281611c9dcc
2017-05-04,825.53,,ft,Approved,,2025-03-11T21:18:57.099472+00:00,e9286e10fdf94482b1ae5281611c9dcc
2017-05-05,825.52,,ft,Approved,,2025-03-11T21:18:57.099472+00:00,e9286e10fdf94482b1ae5281611c9dcc
2017-05-06,825.52,,ft,Approved,,2025-03-11T21:18:57.099472+00:00,e9286e10fdf94482b1ae5281611c9dcc
2017-05-07,825.51,,ft,Approved,,2025-03-11T21:18:57.099472+00:00,e9286e10fdf94482b1ae5281611c9dcc
2017-05-08,825.5,,ft,Approved,,2025-03-11T21:18:57.099472+00:00,e9286e10fdf94482b1ae5281611c9dcc
2017-05-09,825.51,,ft,Approved,,2025-03-11T21:18:57.099472+00:00,e9286e10fdf94482b1ae5281611c9dcc
2017-05-10,825.53,,ft,Approved,,2025-03-11T21:18:57.099472+00:00,e9286e10fdf94482b1ae5281611c9dcc
2017-05-11,825.56,,ft,Approved,,2025-03-11T21:18:57.099472+00:00,e9286e10fdf94482b1ae5281611c9dcc
2017-05-12,825.66,,ft,Approved,,2025-03-11T21:18:57.099472+00:00,e9286e10fdf94482b1ae5281611c9dcc
2017-05-13,825.64,,ft,Approved,,2025-03-11T21:18:57.099472+00:00,e9286e10fdf94482b1ae5281611c9dcc
2017-05-14,825.61,,ft,Approved,,2025-03-11T21:18:57.099472+00:00,e9286e10fdf94482b1ae5281611c9dcc
2017-05-15,825.57,,ft,Approved,,2025-03-11T21:18:57.099472+00:00,e9286e10fdf94482b1ae5281611c9dcc
2017-05-16,825.55,,ft,Approved,,2025-03-11T21:18:57.099472+00:00,e9286e10fdf94482b1ae5281611c9dcc
2017-05-17,825.55,,ft,Approved,,2025-03-11T21:18:57.099472+00:00,e9286e10fdf94482b1ae5281611c9dcc
2017-05-18,825.56,,ft,Approved,,2025-03-11T21:18:57.099472+00:00,e9286e10fdf94482b1ae5281611c9dcc
2017-05-19,825.54,,ft,Approved,,2025-03-11T21:18:57.099472+00:00,e9286e10fdf94482b1ae5281611c9dcc
2017-05-20,826.78,,ft,Approved,,2025-03-11T21:18:57.099472+00:00,e9286e10fdf94482b1ae5281611c9dcc
2017-05-21,826.71,,ft,Approved,,2025-03-11T21:18:57.099472+00:00,e9286e10fdf94482b1ae5281611c9dcc
2017-05-22,826.3,,ft,Approved,,2025-03-11T21:18:57.099472+00:00,e9286e10fdf94482b1ae5281611c9dcc
2017-05-23,826.09,,ft,Approved,,2025-03-11T21:18:57.099472+00:00,e9286e10fdf94482b1ae5281611c9dcc
2017-05-24,826.12,,ft,Approved,,2025-03-11T21:18:57.099472+00:00,e9286e10fdf94482b1ae5281611c9dcc
2017-05-25,825.97,,ft,Approved,,2025-03-11T21:18:57.099472+00:00,e9286e10fdf94482b1ae5281611c9dcc
2017-05-26,825.86,,ft,Approved,,2025-03-11T21:18:57.099472+00:00,e9286e10fdf94482b1ae5281611c9dcc
2017-05-27,825.79,,ft,Approved,,2025-03-11T21:18:57.099472+00:00,e9286e10fdf94482b1ae5281611c9dcc
2017-05-28,825.78,,ft,Approved,,2025-03-11T21:18:57.099472+00:00,e9286e10fdf94482b1ae5281611c9dcc
2017-05-29,826.27,,ft,Approved,,2025-03-11T21:18:57.099472+00:00,e9286e10fdf94482b1ae5281611c9dcc
2017-05-30,826.09,,ft,Approved,,2025-03-11T21:18:57.099472+00:00,e9286e10fdf94482b1ae5281611c9dcc
2017-05-31,825.93,,ft,Approved,,2025-03-11T21:18:57.099472+00:00,e9286e10fdf94482b1ae5281611c9dcc
2017-06-01,825.83,,ft,Approved,,2025-03-11T21:18:57.099472+00:00,e9286e10fdf94482b1ae5281611c9dcc
2017-06-02,825.77,,ft,Approved,,2025-03-11T21:18:57.099472+00:00,e9286e10fdf94482b1ae5281611c9dcc
2017-06-03,825.75,,ft,Approved,,2025-03-11T21:18:57.099472+00:00,e9286e10fdf94482b1ae5281611c9dcc
2017-06-04,826.61,,ft,Approved,,2025-03-11T21:18:57.099472+00:00,e9286e10fdf94482b1ae5281611c9dcc
2017-06-05,827.01,,ft,Approved,,2025-03-11T21:18:57.099472+00:00,e9286e10fdf94482b1ae5281611c9dcc
2017-06-06,828.2,,ft,Approved,,2025-03-11T21:18:57.099472+00:00,e9286e10fdf94482b1ae5281611c9dcc
2017-06-07,826.78,,ft,Approved,,2025-03-11T21:18:57.099472+00:00,e9286e10fdf94482b1ae5281611c9dcc
2017-06-08,826.34,,ft,Approved,,2025-03-11T21:18:57.099472+00:00,e9286e10fdf94482b1ae5281611c9dcc
2017-06-09,826.13,,ft,Approved,,2025-03-11T21:18:57.099472+00:00,e9286e10fdf94482b1ae5281611c9dcc
2017-06-10,825.99,,ft,Approved,,2025-03-11T21:18:57.099472+00:00,e9286e10fdf94482b1ae5281611c9dcc
2017-06-11,825.89,,ft,Approved,,2025-03-11T21:18:57.099472+00:00,e9286e10fdf94482b1ae5281611c9dcc
2017-06-12,825.82,,ft,Approved,,2025-03-11T21:18:57.099472+00:00,e9286e10fdf94482b1ae5281611c9dcc
2017-06-13,825.78,,ft,Approved,,2025-03-11T21:18:57.099472+00:00,e9286e10fdf94482b1ae5281611c9dcc
2017-06-14,825.74,,ft,Approved,,2025-03-11T21:18:57.099472+00:00,e9286e10fdf94482b1ae5281611c9dcc
2017-06-15,825.71,,ft,Approved,,2025-03-11T21:18:57.099472+00:00,e9286e10fdf94482b1ae5281611c9dcc
2017-06-16,825.68,,ft,Approved,,2025-03-11T21:18:57.099472+00:00,e9286e10fdf94482b1ae5281611c9dcc
2017-06-17,825.65,,ft,Approved,,2025-03-11T21:18:57.099472+00:00,e9286e10fdf94482b1ae5281611c9dcc
2017-06-18,825.63,,ft,Approved,,2025-03-11T21:18:57.099472+00:00,e9286e10fdf94482b1ae5281611c9dcc
2017-06-19,825.62,,ft,Approved,,2025-03-11T21:18:57.099472+00:00,e9286e10fdf94482b1ae5281611c9dcc
2017-06-20,825.63,,ft,Approved,,2025-03-11T21:18:57.099472+00:00,e9286e10fdf94482b1ae5281611c9dcc
2017-06-21,825.61,,ft,Approved,,2025-03-11T21:18:57.099472+00:00,e9286e10fdf94482b1ae5281611c9dcc
2017-06-22,825.59,,ft,Approved,,2025-03-11T21:18:57.099472+00:00,e9286e10fdf94482b1ae5281611c9dcc
2017-06-23,825.58,,ft,Approved,,2025-03-11T21:18:57.099472+00:00,e9286e10fdf94482b1ae5281611c9dcc
2017-06-24,825.56,,ft,Approved,,2025-03-11T21:18:57.099472+00:00,e9286e10fdf94482b1ae5281611c9dcc
2017-06-25,825.56,,ft,Approved,,2025-03-11T21:18:57.099472+00:00,e9286e10fdf94482b1ae5281611c9dcc
2017-06-26,825.58,,ft,Approved,,2025-03-11T21:18:57.099472+00:00,e9286e10fdf94482b1ae5281611c9dcc
2017-06-27,825.6,,ft,Approved,,2025-03-11T21:18:57.099472+00:00,e9286e10fdf94482b1ae5281611c9dcc
2017-06-28,825.59,,ft,Approved,,2025-03-11T21:18:57.099472+00:00,e9286e10fdf94482b1ae5281611c9dcc
2017-06-29,825.58,,ft,Approved,,2025-03-11T21:18:57.099472+00:00,e9286e10fdf94482b1ae5281611c9dcc
2017-06-30,825.55,,ft,Approved,,2025-03-11T21:18:57.099472+00:00,e9286e10fdf94482b1ae5281611c9dcc
2017-07-01,825.52,,ft,Approved,,2025-03-11T21:18:57.099472+00:00,e9286e10fdf94482b1ae5281611c9dcc
2017-07-02,825.5,,ft,Approved,,2025-03-11T21:18:57.099472+00:00,e9286e10fdf94482b1ae5281611c9dcc
2017-07-03,825.48,,ft,Approved,,2025-03-11T21:18:57.099472+00:00,e9286e10fdf94482b1ae5281611c9dcc
2017-07-04,825.45,,ft,Approved,,2025-03-11T21:18:57.099472+00:00,e9286e10fdf94482b1ae5281611c9dcc
2017-07-05,825.43,,ft,Approved,,2025-03-11T21:18:57.099472+00:00,e9286e10fdf94482b1ae5281611c9dcc
2017-07-06,825.42,,ft,Approved,,2025-03-11T21:18:57.099472+00:00,e9286e10fdf94482b1ae5281611c9dcc
2017-07-07,825.41,,ft,Approved,,2025-03-11T21:18:57.099472+00:00,e9286e10fdf94482b1ae5281611c9dcc
2017-07-08,825.4,,ft,Approved,,2025-03-11T21:18:57.099472+00:00,e9286e10fdf94482b1ae5281611c9dcc
2017-07-09,825.39,,ft,Approved,,2025-03-11T21:18:57.099472+00:00,e9286e10fdf94482b1ae5281611c9dcc
2017-07-10,825.38,,ft,Approved,,2025-03-11T21:18:57.099472+00:00,e9286e10fdf94482b1ae5281611c9dcc
2017-07-11,825.36,,ft,Approved,,2025-03-11T21:18:57.099472+00:00,e9286e10fdf94482b1ae5281611c9dcc
2017-07-12,825.34,,ft,Approved,,2025-03-11T21:18:57.099472+00:00,e9286e10fdf94482b1ae5281611c9dcc
2017-07-13,825.34,,ft,Approved,,2025-03-11T21:18:57.099472+00:00,e9286e10fdf94482b1ae5281611c9dcc
2017-07-14,825.33,,ft,Approved,,2025-03-11T21:18:57.099472+00:00,e9286e10fdf94482b1ae5281611c9dcc
2017-07-15,825.35,,ft,Approved,,2025-03-11T21:18:57.099472+00:00,e9286e10fdf94482b1ae5281611c9dcc
2017-07-16,825.51,,ft,Approved,,2025-03-11T21:18:57.099472+00:00,e9286e10fdf94482b1ae5281611c9dcc
2017-07-17,825.54,,ft,Approved,,2025-03-11T21:18:57.099472+00:00,e9286e10fdf94482b1ae5281611c9dcc
2017-07-18,825.51,,ft,Approved,,2025-03-11T21:18:57.099472+00:00,e9286e10fdf94482b1ae5281611c9dcc
2017-07-19,825.47,,ft,Approved,,2025-03-11T21:18:57.099472+00:00,e9286e10fdf94482b1ae5281611c9dcc
2017-07-20,825.44,,ft,Approved,,2025-03-11T21:18:57.099472+00:00,e9286e10fdf94482b1ae5281611c9dcc
2017-07-21,825.41,,ft,Approved,,2025-03-11T21:18:57.099472+00:00,e9286e10fdf94482b1ae5281611c9dcc
2017-07-22,825.39,,ft,Approved,,2025-03-11T21:18:57.099472+00:00,e9286e10fdf94482b1ae5281611c9dcc
2017-07-23,825.36,,ft,Approved,,2025-03-11T21:18:57.099472+00:00,e9286e10fdf94482b1ae5281611c9dcc
2017-07-24,825.48,,ft,Approved,,2025-03-11T21:18:57.099472+00:00,e9286e10fdf94482b1ae5281611c9dcc
2017-07-25,825.54,,ft,Approved,,2025-03-11T21:18:57.099472+00:00,e9286e10fdf94482b1ae5281611c9dcc
2017-07-26,825.51,,ft,Approved,,2025-03-11T21:18:57.099472+00:00,e9286e10fdf94482b1ae5281611c9dcc
2017-07-27,825.47,,ft,Approved,,2025-03-11T21:18:57.099472+00:00,e9286e10fdf94482b1ae5281611c9dcc
2017-07-28,825.43,,ft,Approved,,2025-03-11T21:18:57.099472+00:00,e9286e10fdf94482b1ae5281611c9dcc
2017-07-29,825.4,,ft,Approved,,2025-03-11T21:18:57.099472+00:00,e9286e10fdf94482b1ae5281611c9dcc
2017-07-30,825.38,,ft,Approved,,2025-03-11T21:18:57.099472+00:00,e9286e10fdf94482b1ae5281611c9dcc
2017-07-31,825.35,,ft,Approved,,2025-03-11T21:18:57.099472+00:00,e9286e10fdf94482b1ae5281611c9dcc
2017-08-01,825.33,,ft,Approved,,2025-03-11T21:18:57.099472+00:00,e9286e10fdf94482b1ae5281611c9dcc
2017-08-02,825.33,,ft,Approved,,2025-03-11T21:18:57.099472+00:00,e9286e10fdf94482b1ae5281611c9dcc
2017-08-03,826.22,,ft,Approved,,2025-03-11T21:18:57.099472+00:00,e9286e10fdf94482b1ae5281611c9dcc
2017-08-04,826.36,,ft,Approved,,2025-03-11T21:18:57.099472+00:00,e9286e10fdf94482b1ae5281611c9dcc
2017-08-05,826.01,,ft,Approved,,2025-03-11T21:18:57.099472+00:00,e9286e10fdf94482b1ae5281611c9dcc
2017-08-06,825.83,,ft,Approved,,2025-03-11T21:18:57.099472+00:00,e9286e10fdf94482b1ae5281611c9dcc
2017-08-07,828.0,,ft,Approved,,2025-03-11T21:18:57.099472+00:00,e9286e10fdf94482b1ae5281611c9dcc
2017-08-08,827.8,,ft,Approved,,2025-03-11T21:18:57.099472+00:00,e9286e10fdf94482b1ae5281611c9dcc
2017-08-09,826.62,,ft,Approved,,2025-03-11T21:18:57.099472+00:00,e9286e10fdf94482b1ae5281611c9dcc
2017-08-10,826.24,,ft,Approved,,2025-03-11T21:18:57.099472+00:00,e9286e10fdf94482b1ae5281611c9dcc
2017-08-11,826.04,,ft,Approved,,2025-03-11T21:18:57.099472+00:00,e9286e10fdf94482b1ae5281611c9dcc
2017-08-12,825.9,,ft,Approved,,2025-03-11T21:18:57.099472+00:00,e9286e10fdf94482b1ae5281611c9dcc
2017-08-13,825.81,,ft,Approved,,2025-03-11T21:18:57.099472+00:00,e9286e10fdf94482b1ae5281611c9dcc
2017-08-14,825.73,,ft,Approved,,2025-03-11T21:18:57.099472+00:00,e9286e10fdf94482b1ae5281611c9dcc
2017-08-15,825.69,,ft,Approved,,2025-03-11T21:18:57.099472+00:00,e9286e10fdf94482b1ae5281611c9dcc
2017-08-16,825.66,,ft,Approved,,2025-03-11T21:18:57.099472+00:00,e9286e10fdf94482b1ae5281611c9dcc
2017-08-17,825.64,,ft,Approved,,2025-03-11T21:18:57.099472+00:00,e9286e10fdf94482b1ae5281611c9dcc
2017-08-18,825.63,,ft,Approved,,2025-03-11T21:18:57.099472+00:00,e9286e10fdf94482b1ae5281611c9dcc
2017-08-19,825.6,,ft,Approved,,2025-03-11T21:18:57.099472+00:00,e9286e10fdf94482b1ae5281611c9dcc
2017-08-20,825.57,,ft,Approved,,2025-03-11T21:18:57.099472+00:00,e9286e10fdf94482b1ae5281611c9dcc
2017-08-21,825.55,,ft,Approved,,2025-03-11T21:18:57.099472+00:00,e9286e10fdf94482b1ae5281611c9dcc
2017-08-22,825.53,,ft,Approved,,2025-03-11T21:18:57.099472+00:00,e9286e10fdf94482b1ae5281611c9dcc
2017-08-23,825.53,,ft,Approved,,2025-03-11T21:18:57.099472+00:00,e9286e10fdf94482b1ae5281611c9dcc
2017-08-24,825.67,,ft,Approved,,2025-03-11T21:18:57.099472+00:00,e9286e10fdf94482b1ae5281611c9dcc
2017-08-25,825.86,,ft,Approved,,2025-03-11T21:18:57.099472+00:00,e9286e10fdf94482b1ae5281611c9dcc
2017-08-26,827.57,,ft,Approved,,2025-03-11T21:18:57.099472+00:00,e9286e10fdf94482b1ae5281611c9dcc
2017-08-27,834.29,,ft,Approved,,2025-03-11T21:18:57.099472+00:00,e9286e10fdf94482b1ae5281611c9dcc
2017-08-28,835.02,,ft,Approved,,2025-03-11T21:18:57.099472+00:00,e9286e10fdf94482b1ae5281611c9dcc
2017-08-29,833.76,,ft,Approved,,2025-03-11T21:18:57.099472+00:00,e9286e10fdf94482b1ae5281611c9dcc
2017-08-30,832.09,,ft,Approved,,2025-03-11T21:18:57.099472+00:00,e9286e10fdf94482b1ae5281611c9dcc
2017-08-31,829.94,,ft,Approved,,2025-03-11T21:18:57.099472+00:00,e9286e10fdf94482b1ae5281611c9dcc
2017-09-01,827.47,,ft,Approved,,2025-03-11T21:18:57.099472+00:00,e9286e10fdf94482b1ae5281611c9dcc
2017-09-02,826.5,,ft,Approved,,2025-03-11T21:18:57.099472+00:00,e9286e10fdf94482b1ae5281611c9dcc
2017-09-03,826.2,,ft,Approved,,2025-03-11T21:18:57.099472+00:00,e9286e10fdf94482b1ae5281611c9dcc
2017-09-04,826.05,,ft,Approved,,2025-03-11T21:18:57.099472+00:00,e9286e10fdf94482b1ae5281611c9dcc
2017-09-05,825.96,,ft,Approved,,2025-03-11T21:18:57.099472+00:00,e9286e10fdf94482b1ae5281611c9dcc
2017-09-06,825.9,,ft,Approved,,2025-03-11T21:18:57.099472+00:00,e9286e10fdf94482b1ae5281611c9dcc
2017-09-07,825.85,,ft,Approved,,2025-03-11T21:18:57.099472+00:00,e9286e10fdf94482b1ae5281611c9dcc
2017-09-08,825.82,,ft,Approved,,2025-03-11T21:18:57.099472+00:00,e9286e10fdf94482b1ae5281611c9dcc
2017-09-09,825.79,,ft,Approved,,2025-03-11T21:18:57.099472+00:00,e9286e10fdf94482b1ae5281611c9dcc
2017-09-10,825.77,,ft,Approved,,2025-03-11T21:18:57.099472+00:00,e9286e10fdf94482b1ae5281611c9dcc
2017-09-11,825.74,,ft,Approved,,2025-03-11T21:18:57.099472+00:00,e9286e10fdf94482b1ae5281611c9dcc
2017-09-12,825.73,,ft,Approved,,2025-03-11T21:18:57.099472+00:00,e9286e10fdf94482b1ae5281611c9dcc
2017-09-13,825.71,,ft,Approved,,2025-03-11T21:18:57.099472+00:00,e9286e10fdf94482b1ae5281611c9dcc
2017-09-14,825.7,,ft,Approved,,2025-03-11T21:18:57.099472+00:00,e9286e10fdf94482b1ae5281611c9dcc
2017-09-15,825.69,,ft,Approved,,2025-03-11T21:18:57.099472+00:00,e9286e10fdf94482b1ae5281611c9dcc
2017-09-16,825.67,,ft,Approved,,2025-03-11T21:18:57.099472+00:00,e9286e10fdf94482b1ae5281611c9dcc
2017-09-17,825.65,,ft,Approved,,2025-03-11T21:18:57.099472+00:00,e9286e10fdf94482b1ae5281611c9dcc
2017-09-18,825.64,,ft,Approved,,2025-03-11T21:18:57.099472+00:00,e9286e10fdf94482b1ae5281611c9dcc
2017-09-19,825.62,,ft,Approved,,2025-03-11T21:18:57.099472+00:00,e9286e10fdf94482b1ae5281611c9dcc
2017-09-20,825.61,,ft,Approved,,2025-03-11T21:18:57.099472+00:00,e9286e10fdf94482b1ae5281611c9dcc
2017-09-21,825.6,,ft,Approved,,2025-03-11T21:18:57.099472+00:00,e9286e10fdf94482b1ae5281611c9dcc
2017-09-22,825.59,,ft,Approved,,2025-03-11T21:18:57.099472+00:00,e9286e10fdf94482b1ae5281611c9dcc
2017-09-23,825.58,,ft,Approved,,2025-03-11T21:18:57.099472+00:00,e9286e10fdf94482b1ae5281611c9dcc
2017-09-24,825.57,,ft,Approved,,2025-03-11T21:18:57.099472+00:00,e9286e10fdf94482b1ae5281611c9dcc
2017-09-25,825.57,,ft,Approved,,2025-03-11T21:18:57.099472+00:00,e9286e10fdf94482b1ae5281611c9dcc
2017-09-26,825.76,,ft,Approved,,2025-03-11T21:18:57.099472+00:00,e9286e10fdf94482b1ae5281611c9dcc
2017-09-27,827.16,,ft,Approved,,2025-03-11T21:18:57.099472+00:00,e9286e10fdf94482b1ae5281611c9dcc
2017-09-28,827.37,,ft,Approved,,2025-03-11T21:18:57.099472+00:00,e9286e10fdf94482b1ae5281611c9dcc
2017-09-29,827.08,,ft,Approved,,2025-03-11T21:18:57.099472+00:00,e9286e10fdf94482b1ae5281611c9dcc
2017-09-30,826.72,,ft,Approved,,2025-03-11T21:18:57.099472+00:00,e9286e10fdf94482b1ae5281611c9dcc
2017-10-01,826.37,,ft,Approved,,2025-03-11T21:18:57.099472+00:00,e9286e10fdf94482b1ae5281611c9dcc
2017-10-02,826.17,,ft,Approved,,2025-03-11T21:18:57.099472+00:00,e9286e10fdf94482b1ae5281611c9dcc
2017-10-03,826.17,,ft,Approved,,2025-03-11T21:18:57.099472+00:00,e9286e10fdf94482b1ae5281611c9dcc
2017-10-04,826.75,,ft,Approved,,2025-03-11T21:18:57.099472+00:00,e9286e10fdf94482b1ae5281611c9dcc
2017-10-05,826.45,,ft,Approved,,2025-03-11T21:18:57.099472+00:00,e9286e10fdf94482b1ae5281611c9dcc
2017-10-06,826.2,,ft,Approved,,2025-03-11T21:18:57.099472+00:00,e9286e10fdf94482b1ae5281611c9dcc
2017-10-07,826.06,,ft,Approved,,2025-03-11T21:18:57.099472+00:00,e9286e10fdf94482b1ae5281611c9dcc
2017-10-08,825.97,,ft,Approved,,2025-03-11T21:18:57.099472+00:00,e9286e10fdf94482b1ae5281611c9dcc
2017-10-09,825.91,,ft,Approved,,2025-03-11T21:18:57.099472+00:00,e9286e10fdf94482b1ae5281611c9dcc
2017-10-10,825.85,,ft,Approved,,2025-03-11T21:18:57.099472+00:00,e9286e10fdf94482b1ae5281611c9dcc
2017-10-11,825.81,,ft,Approved,,2025-03-11T21:18:57.099472+00:00,e9286e10fdf94482b1ae5281611c9dcc
2017-10-12,825.79,,ft,Approved,,2025-03-11T21:18:57.099472+00:00,e9286e10fdf94482b1ae5281611c9dcc
2017-10-13,825.77,,ft,Approved,,2025-03-11T21:18:57.099472+00:00,e9286e10fdf94482b1ae5281611c9dcc
2017-10-14,825.75,,ft,Approved,,2025-03-11T21:18:57.099472+00:00,e9286e10fdf94482b1ae5281611c9dcc
2017-10-15,825.73,,ft,Approved,,2025-03-11T21:18:57.099472+00:00,e9286e10fdf94482b1ae5281611c9dcc
2017-10-16,825.7,,ft,Approved,,2025-03-11T21:18:57.099472+00:00,e9286e10fdf94482b1ae5281611c9dcc
2017-10-17,825.68,,ft,Approved,,2025-03-11T21:18:57.099472+00:00,e9286e10fdf94482b1ae5281611c9dcc
2017-10-18,825.67,,ft,Approved,,2025-03-11T21:18:57.099472+00:00,e9286e10fdf94482b1ae5281611c9dcc
2017-10-19,825.66,,ft,Approved,,2025-03-11T21:18:57.099472+00:00,e9286e10fdf94482b1ae5281611c9dcc
2017-10-20,825.66,,ft,Approved,,2025-03-11T21:18:57.099472+00:00,e9286e10fdf94482b1ae5281611c9dcc
2017-10-21,825.66,,ft,Approved,,2025-03-11T21:18:57.099472+00:00,e9286e10fdf94482b1ae5281611c9dcc
2017-10-22,826.03,,ft,Approved,,2025-03-11T21:18:57.099472+00:00,e9286e10fdf94482b1ae5281611c9dcc
2017-10-23,826.22,,ft,Approved,,2025-03-11T21:18:57.099472+00:00,e9286e10fdf94482b1ae5281611c9dcc
2017-10-24,826.0,,ft,Approved,,2025-03-11T21:18:57.099472+00:00,e9286e10fdf94482b1ae5281611c9dcc
2017-10-25,825.86,,ft,Approved,,2025-03-11T21:18:57.099472+00:00,e9286e10fdf94482b1ae5281611c9dcc
2017-10-26,825.78,,ft,Approved,,2025-03-11T21:18:57.099472+00:00,e9286e10fdf94482b1ae5281611c9dcc
2017-10-27,825.72,,ft,Approved,,2025-03-11T21:18:57.099472+00:00,e9286e10fdf94482b1ae5281611c9dcc
2017-10-28,825.68,,ft,Approved,,2025-03-11T21:18:57.099472+00:00,e9286e10fdf94482b1ae5281611c9dcc
2017-10-29,825.68,,ft,Approved,,2025-03-11T21:18:57.099472+00:00,e9286e10fdf94482b1ae5281611c9dcc
2017-10-30,825.67,,ft,Approved,,2025-03-11T21:18:57.099472+00:00,e9286e10fdf94482b1ae5281611c9dcc
2017-10-31,825.66,,ft,Approved,,2025-03-11T21:18:57.099472+00:00,e9286e10fdf94482b1ae5281611c9dcc
2017-11-01,826.02,,ft,Approved,,2025-03-11T21:18:57.099472+00:00,e9286e10fdf94482b1ae5281611c9dcc
2017-11-02,825.99,,ft,Approved,,2025-03-11T21:18:57.099472+00:00,e9286e10fdf94482b1ae5281611c9dcc
2017-11-03,825.88,,ft,Approved,,2025-03-11T21:18:57.099472+00:00,e9286e10fdf94482b1ae5281611c9dcc
2017-11-04,825.8,,ft,Approved,,2025-03-11T21:18:57.099472+00:00,e9286e10fdf94482b1ae5281611c9dcc
2017-11-05,825.75,,ft,Approved,,2025-03-11T21:18:57.099472+00:00,e9286e10fdf94482b1ae5281611c9dcc
2017-11-06,825.72,,ft,Approved,,2025-03-11T21:18:57.099472+00:00,e9286e10fdf94482b1ae5281611c9dcc
2017-11-07,825.69,,ft,Approved,,2025-03-11T21:18:57.099472+00:00,e9286e10fdf94482b1ae5281611c9dcc
2017-11-08,825.66,,ft,Approved,,2025-03-11T21:18:57.099472+00:00,e9286e10fdf94482b1ae5281611c9dcc
2017-11-09,825.68,,ft,Approved,,2025-03-11T21:18:57.099472+00:00,e9286e10fdf94482b1ae5281611c9dcc
2017-11-10,825.69,,ft,Approved,,2025-03-11T21:18:57.099472+00:00,e9286e10fdf94482b1ae5281611c9dcc
2017-11-11,825.68,,ft,Approved,,2025-03-11T21:18:57.099472+00:00,e9286e10fdf94482b1ae5281611c9dcc
2017-11-12,825.67,,ft,Approved,,2025-03-11T21:18:57.099472+00:00,e9286e10fdf94482b1ae5281611c9dcc
2017-11-13,825.67,,ft,Approved,,2025-03-11T21:18:57.099472+00:00,e9286e10fdf94482b1ae5281611c9dcc
2017-11-14,825.65,,ft,Approved,,2025-03-11T21:18:57.099472+00:00,e9286e10fdf94482b1ae5281611c9dcc
2017-11-15,825.65,,ft,Approved,,2025-03-11T21:18:57.099472+00:00,e9286e10fdf94482b1ae5281611c9dcc
2017-11-16,825.64,,ft,Approved,,2025-03-11T21:18:57.099472+00:00,e9286e10fdf94482b1ae5281611c9dcc
2017-11-17,825.64,,ft,Approved,,2025-03-11T21:18:57.099472+00:00,e9286e10fdf94482b1ae5281611c9dcc
2017-11-18,825.63,,ft,Approved,,2025-03-11T21:18:57.099472+00:00,e9286e10fdf94482b1ae5281611c9dcc
2017-11-19,825.6,,ft,Approved,,2025-03-11T21:18:57.099472+00:00,e9286e10fdf94482b1ae5281611c9dcc
2017-11-20,825.6,,ft,Approved,,2025-03-11T21:18:57.099472+00:00,e9286e10fdf94482b1ae5281611c9dcc
2017-11-21,825.6,,ft,Approved,,2025-03-11T21:18:57.099472+00:00,e9286e10fdf94482b1ae5281611c9dcc
2017-11-22,825.6,,ft,Approved,,2025-03-11T21:18:57.099472+00:00,e9286e10fdf94482b1ae5281611c9dcc
2017-11-23,825.59,,ft,Approved,,2025-03-11T21:18:57.099472+00:00,e9286e10fdf94482b1ae5281611c9dcc
2017-11-24,825.59,,ft,Approved,,2025-03-11T21:18:57.099472+00:00,e9286e10fdf94482b1ae5281611c9dcc
2017-11-25,825.59,,ft,Approved,,2025-03-11T21:18:57.099472+00:00,e9286e10fdf94482b1ae5281611c9dcc
2017-11-26,825.59,,ft,Approved,,2025-03-11T21:18:57.099472+00:00,e9286e10fdf94482b1ae5281611c9dcc
2017-11-27,825.59,,ft,Approved,,2025-03-11T21:18:57.099472+00:00,e9286e10fdf94482b1ae5281611c9dcc
2017-11-28,825.59,,ft,Approved,,2025-03-11T21:18:57.099472+00:00,e9286e10fdf94482b1ae5281611c9dcc
2017-11-29,825.58,,ft,Approved,,2025-03-11T21:18:57.099472+00:00,e9286e10fdf94482b1ae5281611c9dcc
2017-11-30,825.58,,ft,Approved,,2025-03-11T21:18:57.099472+00:00,e9286e10fdf94482b1ae5281611c9dcc
2017-12-01,825.57,,ft,Approved,,2025-03-11T21:18:57.099472+00:00,e9286e10fdf94482b1ae5281611c9dcc
2017-12-02,825.57,,ft,Approved,,2025-03-11T21:18:57.099472+00:00,e9286e10fdf94482b1ae5281611c9dcc
2017-12-03,825.57,,ft,Approved,,2025-03-11T21:18:57.099472+00:00,e9286e10fdf94482b1ae5281611c9dcc
2017-12-04,825.58,,ft,Approved,,2025-03-11T21:18:57.099472+00:00,e9286e10fdf94482b1ae5281611c9dcc
2017-12-05,825.58,,ft,Approved,,2025-03-11T21:18:57.099472+00:00,e9286e10fdf94482b1ae5281611c9dcc
2017-12-06,826.26,,ft,Approved,,2025-03-11T21:18:57.099472+00:00,e9286e10fdf94482b1ae5281611c9dcc
2017-12-07,826.7,,ft,Approved,,2025-03-11T21:18:57.099472+00:00,e9286e10fdf94482b1ae5281611c9dcc
2017-12-08,826.31,,ft,Approved,,2025-03-11T21:18:57.099472+00:00,e9286e10fdf94482b1ae5281611c9dcc
2017-12-09,826.06,,ft,Approved,,2025-03-11T21:18:57.099472+00:00,e9286e10fdf94482b1ae5281611c9dcc
2017-12-10,825.92,,ft,Approved,,2025-03-11T21:18:57.099472+00:00,e9286e10fdf94482b1ae5281611c9dcc
2017-12-11,825.85,,ft,Approved,,2025-03-11T21:18:57.099472+00:00,e9286e10fdf94482b1ae5281611c9dcc
2017-12-12,825.8,,ft,Approved,,2025-03-11T21:18:57.099472+00:00,e9286e10fdf94482b1ae5281611c9dcc
2017-12-13,825.76,,ft,Approved,,2025-03-11T21:18:57.099472+00:00,e9286e10fdf94482b1ae5281611c9dcc
2017-12-14,825.74,,ft,Approved,,2025-03-11T21:18:57.099472+00:00,e9286e10fdf94482b1ae5281611c9dcc
2017-12-15,825.71,,ft,Approved,,2025-03-11T21:18:57.099472+00:00,e9286e10fdf94482b1ae5281611c9dcc
2017-12-16,825.92,,ft,Approved,,2025-03-11T21:18:57.099472+00:00,e9286e10fdf94482b1ae5281611c9dcc
2017-12-17,827.25,,ft,Approved,,2025-03-11T21:18:57.099472+00:00,e9286e10fdf94482b1ae5281611c9dcc
2017-12-18,826.62,,ft,Approved,,2025-03-11T21:18:57.099472+00:00,e9286e10fdf94482b1ae5281611c9dcc
2017-12-19,826.94,,ft,Approved,,2025-03-11T21:18:57.099472+00:00,e9286e10fdf94482b1ae5281611c9dcc
2017-12-20,826.94,,ft,Approved,,2025-03-11T21:18:57.099472+00:00,e9286e10fdf94482b1ae5281611c9dcc
2017-12-21,826.51,,ft,Approved,,2025-03-11T21:18:57.099472+00:00,e9286e10fdf94482b1ae5281611c9dcc
2017-12-22,826.28,,ft,Approved,,2025-03-11T21:18:57.099472+00:00,e9286e10fdf94482b1ae5281611c9dcc
2017-12-23,826.17,,ft,Approved,,2025-03-11T21:18:57.099472+00:00,e9286e10fdf94482b1ae5281611c9dcc
2017-12-24,826.06,,ft,Approved,,2025-03-11T21:18:57.099472+00:00,e9286e10fdf94482b1ae5281611c9dcc
2017-12-25,825.98,,ft,Approved,,2025-03-11T21:18:57.099472+00:00,e9286e10fdf94482b1ae5281611c9dcc
2017-12-26,825.94,,ft,Approved,,2025-03-11T21:18:57.099472+00:00,e9286e10fdf94482b1ae5281611c9dcc
2017-12-27,825.9,,ft,Approved,,2025-03-11T21:18:57.099472+00:00,e9286e10fdf94482b1ae5281611c9dcc
2017-12-28,825.87,,ft,Approved,,2025-03-11T21:18:57.099472+00:00,e9286e10fdf94482b1ae5281611c9dcc
2017-12-29,825.85,,ft,Approved,,2025-03-11T21:18:57.099472+00:00,e9286e10fdf94482b1ae5281611c9dcc
2017-12-30,825.83,,ft,Approved,,2025-03-11T21:18:57.099472+00:00,e9286e10fdf94482b1ae5281611c9dcc
2017-12-31,825.81,,ft,Approved,,2025-03-11T21:18:57.099472+00:00,e9286e10fdf94482b1ae5281611c9dcc
2018-01-01,825.79,,ft,Approved,,2025-03-11T21:18:57.099472+00:00,e9286e10fdf94482b1ae5281611c9dcc
2018-01-02,825.76,,ft,Approved,,2025-03-11T21:18:57.099472+00:00,e9286e10fdf94482b1ae5281611c9dcc
2018-01-03,825.76,,ft,Approved,,2025-03-11T21:18:57.099472+00:00,e9286e10fdf94482b1ae5281611c9dcc
2018-01-04,825.75,,ft,Approved,,2025-03-11T21:18:57.099472+00:00,e9286e10fdf94482b1ae5281611c9dcc
2018-01-05,825.74,,ft,Approved,,2025-03-11T21:18:57.099472+00:00,e9286e10fdf94482b1ae5281611c9dcc
2018-01-06,825.73,,ft,Approved,,2025-03-11T21:18:57.099472+00:00,e9286e10fdf94482b1ae5281611c9dcc
2018-01-07,825.73,,ft,Approved,,2025-03-11T21:18:57.099472+00:00,e9286e10fdf94482b1ae5281611c9dcc
2018-01-08,825.72,,ft,Approved,,2025-03-11T21:18:57.099472+00:00,e9286e10fdf94482b1ae5281611c9dcc
2018-01-09,825.7,,ft,Approved,,2025-03-11T21:18:57.099472+00:00,e9286e10fdf94482b1ae5281611c9dcc
2018-01-10,825.7,,ft,Approved,,2025-03-11T21:18:57.099472+00:00,e9286e10fdf94482b1ae5281611c9dcc
2018-01-11,825.69,,ft,Approved,,2025-03-11T21:18:57.099472+00:00,e9286e10fdf94482b1ae5281611c9dcc
2018-01-12,825.66,,ft,Approved,,2025-03-11T21:18:57.099472+00:00,e9286e10fdf94482b1ae5281611c9dcc
2018-01-13,825.65,,ft,Approved,,2025-03-11T21:18:57.099472+00:00,e9286e10fdf94482b1ae5281611c9dcc
2018-01-14,825.64,,ft,Approved,,2025-03-11T21:18:57.099472+00:00,e9286e10fdf94482b1ae5281611c9dcc
2018-01-15,825.65,,ft,Approved,,2025-03-11T21:18:57.099472+00:00,e9286e10fdf94482b1ae5281611c9dcc
2018-01-16,825.69,,ft,Approved,,2025-03-11T21:18:57.099472+00:00,e9286e10fdf94482b1ae5281611c9dcc
2018-01-17,825.7,,ft,Approved,,2025-03-11T21:18:57.099472+00:00,e9286e10fdf94482b1ae5281611c9dcc
2018-01-18,825.68,,ft,Approved,,2025-03-11T21:18:57.099472+00:00,e9286e10fdf94482b1ae5281611c9dcc
2018-01-19,825.68,,ft,Approved,,2025-03-11T21:18:57.099472+00:00,e9286e10fdf94482b1ae5281611c9dcc
2018-01-20,825.69,,ft,Approved,,2025-03-11T21:18:57.099472+00:00,e9286e10fdf94482b1ae5281611c9dcc
2018-01-21,825.69,,ft,Approved,,2025-03-11T21:18:57.099472+00:00,e9286e10fdf94482b1ae5281611c9dcc
2018-01-22,825.68,,ft,Approved,,2025-03-11T21:18:57.099472+00:00,e9286e10fdf94482b1ae5281611c9dcc
2018-01-23,825.66,,ft,Approved,,2025-03-11T21:18:57.099472+00:00,e9286e10fdf94482b1ae5281611c9dcc
2018-01-24,825.64,,ft,Approved,,2025-03-11T21:18:57.099472+00:00,e9286e10fdf94482b1ae5281611c9dcc
2018-01-25,825.64,,ft,Approved,,2025-03-11T21:18:57.099472+00:00,e9286e10fdf94482b1ae5281611c9dcc
2018-01-26,825.63,,ft,Approved,,2025-03-11T21:18:57.099472+00:00,e9286e10fdf94482b1ae5281611c9dcc
2018-01-27,825.64,,ft,Approved,,2025-03-11T21:18:57.099472+00:00,e9286e10fdf94482b1ae5281611c9dcc
2018-01-28,825.64,,ft,Approved,,2025-03-11T21:18:57.099472+00:00,e9286e10fdf94482b1ae5281611c9dcc
2018-01-29,825.63,,ft,Approved,,2025-03-11T21:18:57.099472+00:00,e9286e10fdf94482b1ae5281611c9dcc
2018-01-30,825.62,,ft,Approved,,2025-03-11T21:18:57.099472+00:00,e9286e10fdf94482b1ae5281611c9dcc
2018-01-31,825.62,,ft,Approved,,2025-03-11T21:18:57.099472+00:00,e9286e10fdf94482b1ae5281611c9dcc
2018-02-01,825.62,,ft,Approved,,2025-03-11T21:18:57.099472+00:00,e9286e10fdf94482b1ae5281611c9dcc
2018-02-02,825.61,,ft,Approved,,2025-03-11T21:18:57.099472+00:00,e9286e10fdf94482b1ae5281611c9dcc
2018-02-03,825.61,,ft,Approved,,2025-03-11T21:18:57.099472+00:00,e9286e10fdf94482b1ae5281611c9dcc
2018-02-04,825.62,,ft,Approved,,2025-03-11T21:18:57.099472+00:00,e9286e10fdf94482b1ae5281611c9dcc
2018-02-05,825.62,,ft,Approved,,2025-03-11T21:18:57.099472+00:00,e9286e10fdf94482b1ae5281611c9dcc
2018-02-06,825.63,,ft,Approved,,2025-03-11T21:18:57.099472+00:00,e9286e10fdf94482b1ae5281611c9dcc
2018-02-07,825.64,,ft,Approved,,2025-03-11T21:18:57.099472+00:00,e9286e10fdf94482b1ae5281611c9dcc
2018-02-08,825.63,,ft,Approved,,2025-03-11T21:18:57.099472+00:00,e9286e10fdf94482b1ae5281611c9dcc
2018-02-09,825.63,,ft,Approved,,2025-03-11T21:18:57.099472+00:00,e9286e10fdf94482b1ae5281611c9dcc
2018-02-10,825.64,,ft,Approved,,2025-03-11T21:18:57.099472+00:00,e9286e10fdf94482b1ae5281611c9dcc
2018-02-11,825.64,,ft,Approved,,2025-03-11T21:18:57.099472+00:00,e9286e10fdf94482b1ae5281611c9dcc
2018-02-12,825.64,,ft,Approved,,2025-03-11T21:18:57.099472+00:00,e9286e10fdf94482b1ae5281611c9dcc
2018-02-13,825.63,,ft,Approved,,2025-03-11T21:18:57.099472+00:00,e9286e10fdf94482b1ae5281611c9dcc
2018-02-14,825.64,,ft,Approved,,2025-03-11T21:18:57.099472+00:00,e9286e10fdf94482b1ae5281611c9dcc
2018-02-15,825.66,,ft,Approved,,2025-03-11T21:18:57.099472+00:00,e9286e10fdf94482b1ae5281611c9dcc
2018-02-16,825.67,,ft,Approved,,2025-03-11T21:18:57.099472+00:00,e9286e10fdf94482b1ae5281611c9dcc
2018-02-17,825.65,,ft,Approved,,2025-03-11T21:18:57.099472+00:00,e9286e10fdf94482b1ae5281611c9dcc
2018-02-18,825.65,,ft,Approved,,2025-03-11T21:18:57.099472+00:00,e9286e10fdf94482b1ae5281611c9dcc
2018-02-19,825.66,,ft,Approved,,2025-03-11T21:18:57.099472+00:00,e9286e10fdf94482b1ae5281611c9dcc
2018-02-20,825.73,,ft,Approved,,2025-03-11T21:18:57.099472+00:00,e9286e10fdf94482b1ae5281611c9dcc
2018-02-21,825.96,,ft,Approved,,2025-03-11T21:18:57.099472+00:00,e9286e10fdf94482b1ae5281611c9dcc
2018-02-22,826.07,,ft,Approved,,2025-03-11T21:18:57.099472+00:00,e9286e10fdf94482b1ae5281611c9dcc
2018-02-23,827.0,,ft,Approved,,2025-03-11T21:18:57.099472+00:00,e9286e10fdf94482b1ae5281611c9dcc
2018-02-24,826.78,,ft,Approved,,2025-03-11T21:18:57.099472+00:00,e9286e10fdf94482b1ae5281611c9dcc
2018-02-25,826.64,,ft,Approved,,2025-03-11T21:18:57.099472+00:00,e9286e10fdf94482b1ae5281611c9dcc
2018-02-26,826.65,,ft,Approved,,2025-03-11T21:18:57.099472+00:00,e9286e10fdf94482b1ae5281611c9dcc
2018-02-27,826.35,,ft,Approved,,2025-03-11T21:18:57.099472+00:00,e9286e10fdf94482b1ae5281611c9dcc
2018-02-28,826.21,,ft,Approved,,2025-03-11T21:18:57.099472+00:00,e9286e10fdf94482b1ae5281611c9dcc
2018-03-01,826.1,,ft,Approved,,2025-03-11T21:18:57.099472+00:00,e9286e10fdf94482b1ae5281611c9dcc
2018-03-02,826.02,,ft,Approved,,2025-03-11T21:18:57.099472+00:00,e9286e10fdf94482b1ae5281611c9dcc
2018-03-03,825.97,,ft,Approved,,2025-03-11T21:18:57.099472+00:00,e9286e10fdf94482b1ae5281611c9dcc
2018-03-04,825.97,,ft,Approved,,2025-03-11T21:18:57.099472+00:00,e9286e10fdf94482b1ae5281611c9dcc
2018-03-05,825.96,,ft,Approved,,2025-03-11T21:18:57.099472+00:00,e9286e10fdf94482b1ae5281611c9dcc
2018-03-06,825.92,,ft,Approved,,2025-03-11T21:18:57.099472+00:00,e9286e10fdf94482b1ae5281611c9dcc
2018-03-07,825.89,,ft,Approved,,2025-03-11T21:18:57.099472+00:00,e9286e10fdf94482b1ae5281611c9dcc
2018-03-08,825.86,,ft,Approved,,2025-03-11T21:18:57.099472+00:00,e9286e10fdf94482b1ae5281611c9dcc
2018-03-09,825.85,,ft,Approved,,2025-03-11T21:18:57.099472+00:00,e9286e10fdf94482b1ae5281611c9dcc
2018-03-10,825.84,,ft,Approved,,2025-03-11T21:18:57.099472+00:00,e9286e10fdf94482b1ae5281611c9dcc
2018-03-11,825.82,,ft,Approved,,2025-03-11T21:18:57.099472+00:00,e9286e10fdf94482b1ae5281611c9dcc
2018-03-12,825.8,,ft,Approved,,2025-03-11T21:18:57.099472+00:00,e9286e10fdf94482b1ae5281611c9dcc
2018-03-13,825.78,,ft,Approved,,2025-03-11T21:18:57.099472+00:00,e9286e10fdf94482b1ae5281611c9dcc
2018-03-14,825.77,,ft,Approved,,2025-03-11T21:18:57.099472+00:00,e9286e10fdf94482b1ae5281611c9dcc
2018-03-15,825.76,,ft,Approved,,2025-03-11T21:18:57.099472+00:00,e9286e10fdf94482b1ae5281611c9dcc
2018-03-16,825.76,,ft,Approved,,2025-03-11T21:18:57.099472+00:00,e9286e10fdf94482b1ae5281611c9dcc
2018-03-17,825.77,,ft,Approved,,2025-03-11T21:18:57.099472+00:00,e9286e10fdf94482b1ae5281611c9dcc
2018-03-18,825.95,,ft,Approved,,2025-03-11T21:18:57.099472+00:00,e9286e10fdf94482b1ae5281611c9dcc
2018-03-19,825.95,,ft,Approved,,2025-03-11T21:18:57.099472+00:00,e9286e10fdf94482b1ae5281611c9dcc
2018-03-20,825.87,,ft,Approved,,2025-03-11T21:18:57.099472+00:00,e9286e10fdf94482b1ae5281611c9dcc
2018-03-21,825.82,,ft,Approved,,2025-03-11T21:18:57.099472+00:00,e9286e10fdf94482b1ae5281611c9dcc
2018-03-22,825.79,,ft,Approved,,2025-03-11T21:18:57.099472+00:00,e9286e10fdf94482b1ae5281611c9dcc
2018-03-23,825.77,,ft,Approved,,2025-03-11T21:18:57.099472+00:00,e9286e10fdf94482b1ae5281611c9dcc
2018-03-24,825.77,,ft,Approved,,2025-03-11T21:18:57.099472+00:00,e9286e10fdf94482b1ae5281611c9dcc
2018-03-25,825.76,,ft,Approved,,2025-03-11T21:18:57.099472+00:00,e9286e10fdf94482b1ae5281611c9dcc
2018-03-26,825.76,,ft,Approved,,2025-03-11T21:18:57.099472+00:00,e9286e10fdf94482b1ae5281611c9dcc
2018-03-27,825.75,,ft,Approved,,2025-03-11T21:18:57.099472+00:00,e9286e10fdf94482b1ae5281611c9dcc
2018-03-28,830.13,,ft,Approved,,2025-03-11T21:18:57.099472+00:00,e9286e10fdf94482b1ae5281611c9dcc
2018-03-29,830.28,,ft,Approved,,2025-03-11T21:18:57.099472+00:00,e9286e10fdf94482b1ae5281611c9dcc
2018-03-30,828.0,,ft,Approved,,2025-03-11T21:18:57.099472+00:00,e9286e10fdf94482b1ae5281611c9dcc
2018-03-31,826.71,,ft,Approved,,2025-03-11T21:18:57.099472+00:00,e9286e10fdf94482b1ae5281611c9dcc
2018-04-01,826.37,,ft,Approved,,2025-03-11T21:18:57.099472+00:00,e9286e10fdf94482b1ae5281611c9dcc
2018-04-02,826.2,,ft,Approved,,2025-03-11T21:18:57.099472+00:00,e9286e10fdf94482b1ae5281611c9dcc
2018-04-03,826.1,,ft,Approved,,2025-03-11T21:18:57.099472+00:00,e9286e10fdf94482b1ae5281611c9dcc
2018-04-04,826.02,,ft,Approved,,2025-03-11T21:18:57.099472+00:00,e9286e10fdf94482b1ae5281611c9dcc
2018-04-05,825.97,,ft,Approved,,2025-03-11T21:18:57.099472+00:00,e9286e10fdf94482b1ae5281611c9dcc
2018-04-06,825.94,,ft,Approved,,2025-03-11T21:18:57.099472+00:00,e9286e10fdf94482b1ae5281611c9dcc
2018-04-07,825.96,,ft,Approved,,2025-03-11T21:18:57.099472+00:00,e9286e10fdf94482b1ae5281611c9dcc
2018-04-08,825.94,,ft,Approved,,2025-03-11T21:18:57.099472+00:00,e9286e10fdf94482b1ae5281611c9dcc
2018-04-09,825.89,,ft,Approved,,2025-03-11T21:18:57.099472+00:00,e9286e10fdf94482b1ae5281611c9dcc
2018-04-10,825.86,,ft,Approved,,2025-03-11T21:18:57.099472+00:00,e9286e10fdf94482b1ae5281611c9dcc
2018-04-11,825.82,,ft,Approved,,2025-03-11T21:18:57.099472+00:00,e9286e10fdf94482b1ae5281611c9dcc
2018-04-12,825.79,,ft,Approved,,2025-03-11T21:18:57.099472+00:00,e9286e10fdf94482b1ae5281611c9dcc
2018-04-13,825.78,,ft,Approved,,2025-03-11T21:18:57.099472+00:00,e9286e10fdf94482b1ae5281611c9dcc
2018-04-14,825.92,,ft,Approved,,2025-03-11T21:18:57.099472+00:00,e9286e10fdf94482b1ae5281611c9dcc
2018-04-15,825.9,,ft,Approved,,2025-03-11T21:18:57.099472+00:00,e9286e10fdf94482b1ae5281611c9dcc
2018-04-16,825.85,,ft,Approved,,2025-03-11T21:18:57.099472+00:00,e9286e10fdf94482b1ae5281611c9dcc
2018-04-17,825.87,,ft,Approved,,2025-03-11T21:18:57.099472+00:00,e9286e10fdf94482b1ae5281611c9dcc
2018-04-18,825.89,,ft,Approved,,2025-03-11T21:18:57.099472+00:00,e9286e10fdf94482b1ae5281611c9dcc
2018-04-19,825.88,,ft,Approved,,2025-03-11T21:18:57.099472+00:00,e9286e10fdf94482b1ae5281611c9dcc
2018-04-20,825.87,,ft,Approved,,2025-03-11T21:18:57.099472+00:00,e9286e10fdf94482b1ae5281611c9dcc
2018-04-21,825.87,,ft,Approved,,2025-03-11T21:18:57.099472+00:00,e9286e10fdf94482b1ae5281611c9dcc
2018-04-22,825.88,,ft,Approved,,2025-03-11T21:18:57.099472+00:00,e9286e10fdf94482b1ae5281611c9dcc
2018-04-23,825.89,,ft,Approved,,2025-03-11T21:18:57.099472+00:00,e9286e10fdf94482b1ae5281611c9dcc
2018-04-24,825.8,,ft,Approved,,2025-03-11T21:18:57.099472+00:00,e9286e10fdf94482b1ae5281611c9dcc
2018-04-25,825.72,,ft,Approved,,2025-03-11T21:18:57.099472+00:00,e9286e10fdf94482b1ae5281611c9dcc
2018-04-26,825.69,,ft,Approved,,2025-03-11T21:18:57.099472+00:00,e9286e10fdf94482b1ae5281611c9dcc
2018-04-27,825.66,,ft,Approved,,2025-03-11T21:18:57.099472+00:00,e9286e10fdf94482b1ae5281611c9dcc
2018-04-28,825.63,,ft,Approved,,2025-03-11T21:18:57.099472+00:00,e9286e10fdf94482b1ae5281611c9dcc
2018-04-29,825.62,,ft,Approved,,2025-03-11T21:18:57.099472+00:00,e9286e10fdf94482b1ae5281611c9dcc
2018-04-30,825.6,,ft,Approved,,2025-03-11T21:18:57.099472+00:00,e9286e10fdf94482b1ae5281611c9dcc
2018-05-01,825.61,,ft,Approved,,2025-03-11T21:18:57.099472+00:00,e9286e10fdf94482b1ae5281611c9dcc
2018-05-02,825.63,,ft,Approved,,2025-03-11T21:18:57.099472+00:00,e9286e10fdf94482b1ae5281611c9dcc
2018-05-03,825.62,,ft,Approved,,2025-03-11T21:18:57.099472+00:00,e9286e10fdf94482b1ae5281611c9dcc
2018-05-04,826.5,,ft,Approved,,2025-03-11T21:18:57.099472+00:00,e9286e10fdf94482b1ae5281611c9dcc
2018-05-05,826.97,,ft,Approved,,2025-03-11T21:18:57.099472+00:00,e9286e10fdf94482b1ae5281611c9dcc
2018-05-06,826.4,,ft,Approved,,2025-03-11T21:18:57.099472+00:00,e9286e10fdf94482b1ae5281611c9dcc
2018-05-07,826.09,,ft,Approved,,2025-03-11T21:18:57.099472+00:00,e9286e10fdf94482b1ae5281611c9dcc
2018-05-08,825.93,,ft,Approved,,2025-03-11T21:18:57.099472+00:00,e9286e10fdf94482b1ae5281611c9dcc
2018-05-09,825.83,,ft,Approved,,2025-03-11T21:18:57.099472+00:00,e9286e10fdf94482b1ae5281611c9dcc
2018-05-10,825.76,,ft,Approved,,2025-03-11T21:18:57.099472+00:00,e9286e10fdf94482b1ae5281611c9dcc
2018-05-11,825.73,,ft,Approved,,2025-03-11T21:18:57.099472+00:00,e9286e10fdf94482b1ae5281611c9dcc
2018-05-12,825.7,,ft,Approved,,2025-03-11T21:18:57.099472+00:00,e9286e10fdf94482b1ae5281611c9dcc
2018-05-13,825.68,,ft,Approved,,2025-03-11T21:18:57.099472+00:00,e9286e10fdf94482b1ae5281611c9dcc
2018-05-14,825.67,,ft,Approved,,2025-03-11T21:18:57.099472+00:00,e9286e10fdf94482b1ae5281611c9dcc
2018-05-15,825.65,,ft,Approved,,2025-03-11T21:18:57.099472+00:00,e9286e10fdf94482b1ae5281611c9dcc
2018-05-16,825.63,,ft,Approved,,2025-03-11T21:18:57.099472+00:00,e9286e10fdf94482b1ae5281611c9dcc
2018-05-17,825.62,,ft,Approved,,2025-03-11T21:18:57.099472+00:00,e9286e10fdf94482b1ae5281611c9dcc
2018-05-18,825.59,,ft,Approved,,2025-03-11T21:18:57.099472+00:00,e9286e10fdf94482b1ae5281611c9dcc
2018-05-19,825.57,,ft,Approved,,2025-03-11T21:18:57.099472+00:00,e9286e10fdf94482b1ae5281611c9dcc
2018-05-20,825.82,,ft,Approved,,2025-03-11T21:18:57.099472+00:00,e9286e10fdf94482b1ae5281611c9dcc
2018-05-21,826.28,,ft,Approved,,2025-03-11T21:18:57.099472+00:00,e9286e10fdf94482b1ae5281611c9dcc
2018-05-22,826.02,,ft,Approved,,2025-03-11T21:18:57.099472+00:00,e9286e10fdf94482b1ae5281611c9dcc
2018-05-23,825.86,,ft,Approved,,2025-03-11T21:18:57.099472+00:00,e9286e10fdf94482b1ae5281611c9dcc
2018-05-24,825.77,,ft,Approved,,2025-03-11T21:18:57.099472+00:00,e9286e10fdf94482b1ae5281611c9dcc
2018-05-25,825.7,,ft,Approved,,2025-03-11T21:18:57.099472+00:00,e9286e10fdf94482b1ae5281611c9dcc
2018-05-26,825.65,,ft,Approved,,2025-03-11T21:18:57.099472+00:00,e9286e10fdf94482b1ae5281611c9dcc
2018-05-27,825.61,,ft,Approved,,2025-03-11T21:18:57.099472+00:00,e9286e10fdf94482b1ae5281611c9dcc
2018-05-28,825.58,,ft,Approved,,2025-03-11T21:18:57.099472+00:00,e9286e10fdf94482b1ae5281611c9dcc
2018-05-29,825.56,,ft,Approved,,2025-03-11T21:18:57.099472+00:00,e9286e10fdf94482b1ae5281611c9dcc
2018-05-30,825.54,,ft,Approved,,2025-03-11T21:18:57.099472+00:00,e9286e10fdf94482b1ae5281611c9dcc
2018-05-31,825.51,,ft,Approved,,2025-03-11T21:18:57.099472+00:00,e9286e10fdf94482b1ae5281611c9dcc
2018-06-01,825.5,,ft,Approved,,2025-03-11T21:18:57.099472+00:00,e9286e10fdf94482b1ae5281611c9dcc
2018-06-02,825.48,,ft,Approved,,2025-03-11T21:18:57.099472+00:00,e9286e10fdf94482b1ae5281611c9dcc
2018-06-03,825.47,,ft,Approved,,2025-03-11T21:18:57.099472+00:00,e9286e10fdf94482b1ae5281611c9dcc
2018-06-04,826.89,,ft,Approved,,2025-03-11T21:18:57.099472+00:00,e9286e10fdf94482b1ae5281611c9dcc
2018-06-05,826.53,,ft,Approved,,2025-03-11T21:18:57.099472+00:00,e9286e10fdf94482b1ae5281611c9dcc
2018-06-06,826.11,,ft,Approved,,2025-03-11T21:18:57.099472+00:00,e9286e10fdf94482b1ae5281611c9dcc
2018-06-07,825.88,,ft,Approved,,2025-03-11T21:18:57.099472+00:00,e9286e10fdf94482b1ae5281611c9dcc
2018-06-08,825.76,,ft,Approved,,2025-03-11T21:18:57.099472+00:00,e9286e10fdf94482b1ae5281611c9dcc
2018-06-09,825.68,,ft,Approved,,2025-03-11T21:18:57.099472+00:00,e9286e10fdf94482b1ae5281611c9dcc
2018-06-10,825.62,,ft,Approved,,2025-03-11T21:18:57.099472+00:00,e9286e10fdf94482b1ae5281611c9dcc
2018-06-11,825.58,,ft,Approved,,2025-03-11T21:18:57.099472+00:00,e9286e10fdf94482b1ae5281611c9dcc
2018-06-12,825.54,,ft,Approved,,2025-03-11T21:18:57.099472+00:00,e9286e10fdf94482b1ae5281611c9dcc
2018-06-13,825.52,,ft,Approved,,2025-03-11T21:18:57.099472+00:00,e9286e10fdf94482b1ae5281611c9dcc
2018-06-14,825.5,,ft,Approved,,2025-03-11T21:18:57.099472+00:00,e9286e10fdf94482b1ae5281611c9dcc
2018-06-15,825.47,,ft,Approved,,2025-03-11T21:18:57.099472+00:00,e9286e10fdf94482b1ae5281611c9dcc
2018-06-16,825.48,,ft,Approved,,2025-03-11T21:18:57.099472+00:00,e9286e10fdf94482b1ae5281611c9dcc
2018-06-17,825.48,,ft,Approved,,2025-03-11T21:18:57.099472+00:00,e9286e10fdf94482b1ae5281611c9dcc
2018-06-18,825.47,,ft,Approved,,2025-03-11T21:18:57.099472+00:00,e9286e10fdf94482b1ae5281611c9dcc
2018-06-19,825.48,,ft,Approved,,2025-03-11T21:18:57.099472+00:00,e9286e10fdf94482b1ae5281611c9dcc
2018-06-20,825.53,,ft,Approved,,2025-03-11T21:18:57.099472+00:00,e9286e10fdf94482b1ae5281611c9dcc
2018-06-21,825.54,,ft,Approved,,2025-03-11T21:18:57.099472+00:00,e9286e10fdf94482b1ae5281611c9dcc
2018-06-22,825.52,,ft,Approved,,2025-03-11T21:18:57.099472+00:00,e9286e10fdf94482b1ae5281611c9dcc
2018-06-23,825.49,,ft,Approved,,2025-03-11T21:18:57.099472+00:00,e9286e10fdf94482b1ae5281611c9dcc
2018-06-24,825.46,,ft,Approved,,2025-03-11T21:18:57.099472+00:00,e9286e10fdf94482b1ae5281611c9dcc
2018-06-25,825.43,,ft,Approved,,2025-03-11T21:18:57.099472+00:00,e9286e10fdf94482b1ae5281611c9dcc
2018-06-26,825.42,,ft,Approved,,2025-03-11T21:18:57.099472+00:00,e9286e10fdf94482b1ae5281611c9dcc
2018-06-27,825.4,,ft,Approved,,2025-03-11T21:18:57.099472+00:00,e9286e10fdf94482b1ae5281611c9dcc
2018-06-28,825.37,,ft,Approved,,2025-03-11T21:18:57.099472+00:00,e9286e10fdf94482b1ae5281611c9dcc
2018-06-29,825.35,,ft,Approved,,2025-03-11T21:18:57.099472+00:00,e9286e10fdf94482b1ae5281611c9dcc
2018-06-30,825.33,,ft,Approved,,2025-03-11T21:18:57.099472+00:00,e9286e10fdf94482b1ae5281611c9dcc
2018-07-01,825.32,,ft,Approved,,2025-03-11T21:18:57.099472+00:00,e9286e10fdf94482b1ae5281611c9dcc
2018-07-02,825.3,,ft,Approved,,2025-03-11T21:18:57.099472+00:00,e9286e10fdf94482b1ae5281611c9dcc
2018-07-03,825.28,,ft,Approved,,2025-03-11T21:18:57.099472+00:00,e9286e10fdf94482b1ae5281611c9dcc
2018-07-04,826.97,,ft,Approved,,2025-03-11T21:18:57.099472+00:00,e9286e10fdf94482b1ae5281611c9dcc
2018-07-05,829.74,,ft,Approved,,2025-03-11T21:18:57.099472+00:00,e9286e10fdf94482b1ae5281611c9dcc
2018-07-06,827.45,,ft,Approved,,2025-03-11T21:18:57.099472+00:00,e9286e10fdf94482b1ae5281611c9dcc
2018-07-07,826.6,,ft,Approved,,2025-03-11T21:18:57.099472+00:00,e9286e10fdf94482b1ae5281611c9dcc
2018-07-08,826.53,,ft,Approved,,2025-03-11T21:18:57.099472+00:00,e9286e10fdf94482b1ae5281611c9dcc
2018-07-09,827.31,,ft,Approved,,2025-03-11T21:18:57.099472+00:00,e9286e10fdf94482b1ae5281611c9dcc
2018-07-10,826.87,,ft,Approved,,2025-03-11T21:18:57.099472+00:00,e9286e10fdf94482b1ae5281611c9dcc
2018-07-11,826.41,,ft,Approved,,2025-03-11T21:18:57.099472+00:00,e9286e10fdf94482b1ae5281611c9dcc
2018-07-12,826.13,,ft,Approved,,2025-03-11T21:18:57.099472+00:00,e9286e10fdf94482b1ae5281611c9dcc
2018-07-13,825.97,,ft,Approved,,2025-03-11T21:18:57.099472+00:00,e9286e10fdf94482b1ae5281611c9dcc
2018-07-14,825.87,,ft,Approved,,2025-03-11T21:18:57.099472+00:00,e9286e10fdf94482b1ae5281611c9dcc
2018-07-15,825.8,,ft,Approved,,2025-03-11T21:18:57.099472+00:00,e9286e10fdf94482b1ae5281611c9dcc
2018-07-16,825.75,,ft,Approved,,2025-03-11T21:18:57.099472+00:00,e9286e10fdf94482b1ae5281611c9dcc
2018-07-17,825.7,,ft,Approved,,2025-03-11T21:18:57.099472+00:00,e9286e10fdf94482b1ae5281611c9dcc
2018-07-18,825.67,,ft,Approved,,2025-03-11T21:18:57.099472+00:00,e9286e10fdf94482b1ae5281611c9dcc
2018-07-19,825.65,,ft,Approved,,2025-03-11T21:18:57.099472+00:00,e9286e10fdf94482b1ae5281611c9dcc
2018-07-20,825.62,,ft,Approved,,2025-03-11T21:18:57.099472+00:00,e9286e10fdf94482b1ae5281611c9dcc
2018-07-21,825.59,,ft,Approved,,2025-03-11T21:18:57.099472+00:00,e9286e10fdf94482b1ae5281611c9dcc
2018-07-22,825.56,,ft,Approved,,2025-03-11T21:18:57.099472+00:00,e9286e10fdf94482b1ae5281611c9dcc
2018-07-23,825.54,,ft,Approved,,2025-03-11T21:18:57.099472+00:00,e9286e10fdf94482b1ae5281611c9dcc
2018-07-24,825.52,,ft,Approved,,2025-03-11T21:18:57.099472+00:00,e9286e10fdf94482b1ae5281611c9dcc
2018-07-25,825.5,,ft,Approved,,2025-03-11T21:18:57.099472+00:00,e9286e10fdf94482b1ae5281611c9dcc
2018-07-26,825.48,,ft,Approved,,2025-03-11T21:18:57.099472+00:00,e9286e10fdf94482b1ae5281611c9dcc
2018-07-27,825.47,,ft,Approved,,2025-03-11T21:18:57.099472+00:00,e9286e10fdf94482b1ae5281611c9dcc
2018-07-28,825.45,,ft,Approved,,2025-03-11T21:18:57.099472+00:00,e9286e10fdf94482b1ae5281611c9dcc
2018-07-29,825.43,,ft,Approved,,2025-03-11T21:18:57.099472+00:00,e9286e10fdf94482b1ae5281611c9dcc
2018-07-30,825.42,,ft,Approved,,2025-03-11T21:18:57.099472+00:00,e9286e10fdf94482b1ae5281611c9dcc
2018-07-31,825.41,,ft,Approved,,2025-03-11T21:18:57.099472+00:00,e9286e10fdf94482b1ae5281611c9dcc
2018-08-01,825.4,,ft,Approved,,2025-03-11T21:18:57.099472+00:00,e9286e10fdf94482b1ae5281611c9dcc
2018-08-02,825.39,,ft,Approved,,2025-03-11T21:18:57.099472+00:00,e9286e10fdf94482b1ae5281611c9dcc
2018-08-03,825.38,,ft,Approved,,2025-03-11T21:18:57.099472+00:00,e9286e10fdf94482b1ae5281611c9dcc
2018-08-04,825.36,,ft,Approved,,2025-03-11T21:18:57.099472+00:00,e9286e10fdf94482b1ae5281611c9dcc
2018-08-05,825.34,,ft,Approved,,2025-03-11T21:18:57.099472+00:00,e9286e10fdf94482b1ae5281611c9dcc
2018-08-06,825.33,,ft,Approved,,2025-03-11T21:18:57.099472+00:00,e9286e10fdf94482b1ae5281611c9dcc
2018-08-07,825.33,,ft,Approved,,2025-03-11T21:18:57.099472+00:00,e9286e10fdf94482b1ae5281611c9dcc
2018-08-08,825.32,,ft,Approved,,2025-03-11T21:18:57.099472+00:00,e9286e10fdf94482b1ae5281611c9dcc
2018-08-09,825.31,,ft,Approved,,2025-03-11T21:18:57.099472+00:00,e9286e10fdf94482b1ae5281611c9dcc
2018-08-10,825.32,,ft,Approved,,2025-03-11T21:18:57.099472+00:00,e9286e10fdf94482b1ae5281611c9dcc
2018-08-11,825.33,,ft,Approved,,2025-03-11T21:18:57.099472+00:00,e9286e10fdf94482b1ae5281611c9dcc
2018-08-12,826.07,,ft,Approved,,2025-03-11T21:18:57.099472+00:00,e9286e10fdf94482b1ae5281611c9dcc
2018-08-13,826.19,,ft,Approved,,2025-03-11T21:18:57.099472+00:00,e9286e10fdf94482b1ae5281611c9dcc
2018-08-14,825.91,,ft,Approved,,2025-03-11T21:18:57.099472+00:00,e9286e10fdf94482b1ae5281611c9dcc
2018-08-15,825.75,,ft,Approved,,2025-03-11T21:18:57.099472+00:00,e9286e10fdf94482b1ae5281611c9dcc
2018-08-16,825.65,,ft,Approved,,2025-03-11T21:18:57.099472+00:00,e9286e10fdf94482b1ae5281611c9dcc
2018-08-17,825.57,,ft,Approved,,2025-03-11T21:18:57.099472+00:00,e9286e10fdf94482b1ae5281611c9dcc
2018-08-18,825.52,,ft,Approved,,2025-03-11T21:18:57.099472+00:00,e9286e10fdf94482b1ae5281611c9dcc
2018-08-19,825.48,,ft,Approved,,2025-03-11T21:18:57.099472+00:00,e9286e10fdf94482b1ae5281611c9dcc
2018-08-20,825.45,,ft,Approved,,2025-03-11T21:18:57.099472+00:00,e9286e10fdf94482b1ae5281611c9dcc
2018-08-21,825.44,,ft,Approved,,2025-03-11T21:18:57.099472+00:00,e9286e10fdf94482b1ae5281611c9dcc
2018-08-22,825.42,,ft,Approved,,2025-03-11T21:18:57.099472+00:00,e9286e10fdf94482b1ae5281611c9dcc
2018-08-23,825.4,,ft,Approved,,2025-03-11T21:18:57.099472+00:00,e9286e10fdf94482b1ae5281611c9dcc
2018-08-24,825.38,,ft,Approved,,2025-03-11T21:18:57.099472+00:00,e9286e10fdf94482b1ae5281611c9dcc
2018-08-25,825.35,,ft,Approved,,2025-03-11T21:18:57.099472+00:00,e9286e10fdf94482b1ae5281611c9dcc
2018-08-26,825.33,,ft,Approved,,2025-03-11T21:18:57.099472+00:00,e9286e10fdf94482b1ae5281611c9dcc
2018-08-27,825.32,,ft,Approved,,2025-03-11T21:18:57.099472+00:00,e9286e10fdf94482b1ae5281611c9dcc
2018-08-28,825.29,,ft,Approved,,2025-03-11T21:18:57.099472+00:00,e9286e10fdf94482b1ae5281611c9dcc
2018-08-29,825.29,,ft,Approved,,2025-03-11T21:18:57.099472+00:00,e9286e10fdf94482b1ae5281611c9dcc
2018-08-30,825.27,,ft,Approved,,2025-03-11T21:18:57.099472+00:00,e9286e10fdf94482b1ae5281611c9dcc
2018-08-31,825.26,,ft,Approved,,2025-03-11T21:18:57.099472+00:00,e9286e10fdf94482b1ae5281611c9dcc
2018-09-01,825.25,,ft,Approved,,2025-03-11T21:18:57.099472+00:00,e9286e10fdf94482b1ae5281611c9dcc
2018-09-02,825.23,,ft,Approved,,2025-03-11T21:18:57.099472+00:00,e9286e10fdf94482b1ae5281611c9dcc
2018-09-03,825.22,,ft,Approved,,2025-03-11T21:18:57.099472+00:00,e9286e10fdf94482b1ae5281611c9dcc
2018-09-04,825.25,,ft,Approved,,2025-03-11T21:18:57.099472+00:00,e9286e10fdf94482b1ae5281611c9dcc
2018-09-05,825.36,,ft,Approved,,2025-03-11T21:18:57.099472+00:00,e9286e10fdf94482b1ae5281611c9dcc
2018-09-06,825.45,,ft,Approved,,2025-03-11T21:18:57.099472+00:00,e9286e10fdf94482b1ae5281611c9dcc
2018-09-07,825.58,,ft,Approved,,2025-03-11T21:18:57.099472+00:00,e9286e10fdf94482b1ae5281611c9dcc
2018-09-08,826.5,,ft,Approved,,2025-03-11T21:18:57.099472+00:00,e9286e10fdf94482b1ae5281611c9dcc
2018-09-09,826.96,,ft,Approved,,2025-03-11T21:18:57.099472+00:00,e9286e10fdf94482b1ae5281611c9dcc
2018-09-10,826.79,,ft,Approved,,2025-03-11T21:18:57.099472+00:00,e9286e10fdf94482b1ae5281611c9dcc
2018-09-11,826.63,,ft,Approved,,2025-03-11T21:18:57.099472+00:00,e9286e10fdf94482b1ae5281611c9dcc
2018-09-12,826.74,,ft,Approved,,2025-03-11T21:18:57.099472+00:00,e9286e10fdf94482b1ae5281611c9dcc
2018-09-13,827.02,,ft,Approved,,2025-03-11T21:18:57.099472+00:00,e9286e10fdf94482b1ae5281611c9dcc
2018-09-14,826.51,,ft,Approved,,2025-03-11T21:18:57.099472+00:00,e9286e10fdf94482b1ae5281611c9dcc
2018-09-15,826.4,,ft,Approved,,2025-03-11T21:18:57.099472+00:00,e9286e10fdf94482b1ae5281611c9dcc
2018-09-16,826.19,,ft,Approved,,2025-03-11T21:18:57.099472+00:00,e9286e10fdf94482b1ae5281611c9dcc
2018-09-17,826.09,,ft,Approved,,2025-03-11T21:18:57.099472+00:00,e9286e10fdf94482b1ae5281611c9dcc
2018-09-18,825.98,,ft,Approved,,2025-03-11T21:18:57.099472+00:00,e9286e10fdf94482b1ae5281611c9dcc
2018-09-19,825.88,,ft,Approved,,2025-03-11T21:18:57.099472+00:00,e9286e10fdf94482b1ae5281611c9dcc
2018-09-20,825.85,,ft,Approved,,2025-03-11T21:18:57.099472+00:00,e9286e10fdf94482b1ae5281611c9dcc
2018-09-21,826.11,,ft,Approved,,2025-03-11T21:18:57.099472+00:00,e9286e10fdf94482b1ae5281611c9dcc
2018-09-22,830.32,,ft,Approved,,2025-03-11T21:18:57.099472+00:00,e9286e10fdf94482b1ae5281611c9dcc
2018-09-23,830.65,,ft,Approved,,2025-03-11T21:18:57.099472+00:00,e9286e10fdf94482b1ae5281611c9dcc
2018-09-24,828.36,,ft,Approved,,2025-03-11T21:18:57.099472+00:00,e9286e10fdf94482b1ae5281611c9dcc
2018-09-25,826.75,,ft,Approved,,2025-03-11T21:18:57.099472+00:00,e9286e10fdf94482b1ae5281611c9dcc
2018-09-26,826.32,,ft,Approved,,2025-03-11T21:18:57.099472+00:00,e9286e10fdf94482b1ae5281611c9dcc
2018-09-27,826.11,,ft,Approved,,2025-03-11T21:18:57.099472+00:00,e9286e10fdf94482b1ae5281611c9dcc
2018-09-28,826.0,,ft,Approved,,2025-03-11T21:18:57.099472+00:00,e9286e10fdf94482b1ae5281611c9dcc
2018-09-29,826.6,,ft,Approved,,2025-03-11T21:18:57.099472+00:00,e9286e10fdf94482b1ae5281611c9dcc
2018-09-30,826.91,,ft,Approved,,2025-03-11T21:18:57.099472+00:00,e9286e10fdf94482b1ae5281611c9dcc
2018-10-01,826.44,,ft,Approved,,2025-03-11T21:18:57.099472+00:00,e9286e10fdf94482b1ae5281611c9dcc
2018-10-02,826.21,,ft,Approved,,2025-03-11T21:18:57.099472+00:00,e9286e10fdf94482b1ae5281611c9dcc
2018-10-03,826.07,,ft,Approved,,2025-03-11T21:18:57.099472+00:00,e9286e10fdf94482b1ae5281611c9dcc
2018-10-04,825.97,,ft,Approved,,2025-03-11T21:18:57.099472+00:00,e9286e10fdf94482b1ae5281611c9dcc
2018-10-05,825.91,,ft,Approved,,2025-03-11T21:18:57.099472+00:00,e9286e10fdf94482b1ae5281611c9dcc
2018-10-06,825.87,,ft,Approved,,2025-03-11T21:18:57.099472+00:00,e9286e10fdf94482b1ae5281611c9dcc
2018-10-07,825.97,,ft,Approved,,2025-03-11T21:18:57.099472+00:00,e9286e10fdf94482b1ae5281611c9dcc
2018-10-08,827.21,,ft,Approved,,2025-03-11T21:18:57.099472+00:00,e9286e10fdf94482b1ae5281611c9dcc
2018-10-09,829.64,,ft,Approved,,2025-03-11T21:18:57.099472+00:00,e9286e10fdf94482b1ae5281611c9dcc
2018-10-10,828.62,,ft,Approved,,2025-03-11T21:18:57.099472+00:00,e9286e10fdf94482b1ae5281611c9dcc
2018-10-11,826.96,,ft,Approved,,2025-03-11T21:18:57.099472+00:00,e9286e10fdf94482b1ae5281611c9dcc
2018-10-12,826.53,,ft,Approved,,2025-03-11T21:18:57.099472+00:00,e9286e10fdf94482b1ae5281611c9dcc
2018-10-13,826.33,,ft,Approved,,2025-03-11T21:18:57.099472+00:00,e9286e10fdf94482b1ae5281611c9dcc
2018-10-14,826.19,,ft,Approved,,2025-03-11T21:18:57.099472+00:00,e9286e10fdf94482b1ae5281611c9dcc
2018-10-15,827.16,,ft,Approved,,2025-03-11T21:18:57.099472+00:00,e9286e10fdf94482b1ae5281611c9dcc
2018-10-16,831.77,,ft,Approved,,2025-03-11T21:18:57.099472+00:00,e9286e10fdf94482b1ae5281611c9dcc
2018-10-17,831.75,,ft,Approved,,2025-03-11T21:18:57.099472+00:00,e9286e10fdf94482b1ae5281611c9dcc
2018-10-18,830.11,,ft,Approved,,2025-03-11T21:18:57.099472+00:00,e9286e10fdf94482b1ae5281611c9dcc
2018-10-19,828.48,,ft,Approved,,2025-03-11T21:18:57.099472+00:00,e9286e10fdf94482b1ae5281611c9dcc
2018-10-20,827.77,,ft,Approved,,2025-03-11T21:18:57.099472+00:00,e9286e10fdf94482b1ae5281611c9dcc
2018-10-21,826.9,,ft,Approved,,2025-03-11T21:18:57.099472+00:00,e9286e10fdf94482b1ae5281611c9dcc
2018-10-22,826.66,,ft,Approved,,2025-03-11T21:18:57.099472+00:00,e9286e10fdf94482b1ae5281611c9dcc
2018-10-23,826.51,,ft,Approved,,2025-03-11T21:18:57.099472+00:00,e9286e10fdf94482b1ae5281611c9dcc
2018-10-24,826.51,,ft,Approved,,2025-03-11T21:18:57.099472+00:00,e9286e10fdf94482b1ae5281611c9dcc
2018-10-25,826.9,,ft,Approved,,2025-03-11T21:18:57.099472+00:00,e9286e10fdf94482b1ae5281611c9dcc
2018-10-26,826.63,,ft,Approved,,2025-03-11T21:18:57.099472+00:00,e9286e10fdf94482b1ae5281611c9dcc
2018-10-27,826.43,,ft,Approved,,2025-03-11T21:18:57.099472+00:00,e9286e10fdf94482b1ae5281611c9dcc
2018-10-28,826.29,,ft,Approved,,2025-03-11T21:18:57.099472+00:00,e9286e10fdf94482b1ae5281611c9dcc
2018-10-29,826.2,,ft,Approved,,2025-03-11T21:18:57.099472+00:00,e9286e10fdf94482b1ae5281611c9dcc
2018-10-30,826.14,,ft,Approved,,2025-03-11T21:18:57.099472+00:00,e9286e10fdf94482b1ae5281611c9dcc
2018-10-31,826.1,,ft,Approved,,2025-03-11T21:18:57.099472+00:00,e9286e10fdf94482b1ae5281611c9dcc
2018-11-01,826.09,,ft,Approved,,2025-03-11T21:18:57.099472+00:00,e9286e10fdf94482b1ae5281611c9dcc
2018-11-02,826.04,,ft,Approved,,2025-03-11T21:18:57.099472+00:00,e9286e10fdf94482b1ae5281611c9dcc
2018-11-03,826.0,,ft,Approved,,2025-03-11T21:18:57.099472+00:00,e9286e10fdf94482b1ae5281611c9dcc
2018-11-04,826.23,,ft,Approved,,2025-03-11T21:18:57.099472+00:00,e9286e10fdf94482b1ae5281611c9dcc
2018-11-05,826.23,,ft,Approved,,2025-03-11T21:18:57.099472+00:00,e9286e10fdf94482b1ae5281611c9dcc
2018-11-06,826.1,,ft,Approved,,2025-03-11T21:18:57.099472+00:00,e9286e10fdf94482b1ae5281611c9dcc
2018-11-07,826.04,,ft,Approved,,2025-03-11T21:18:57.099472+00:00,e9286e10fdf94482b1ae5281611c9dcc
2018-11-08,825.98,,ft,Approved,,2025-03-11T21:18:57.099472+00:00,e9286e10fdf94482b1ae5281611c9dcc
2018-11-09,826.75,,ft,Approved,,2025-03-11T21:18:57.099472+00:00,e9286e10fdf94482b1ae5281611c9dcc
2018-11-10,826.65,,ft,Approved,,2025-03-11T21:18:57.099472+00:00,e9286e10fdf94482b1ae5281611c9dcc
2018-11-11,826.34,,ft,Approved,,2025-03-11T21:18:57.099472+00:00,e9286e10fdf94482b1ae5281611c9dcc
2018-11-12,826.34,,ft,Approved,,2025-03-11T21:18:57.099472+00:00,e9286e10fdf94482b1ae5281611c9dcc
2018-11-13,826.28,,ft,Approved,,2025-03-11T21:18:57.099472+00:00,e9286e10fdf94482b1ae5281611c9dcc
2018-11-14,826.15,,ft,Approved,,2025-03-11T21:18:57.099472+00:00,e9286e10fdf94482b1ae5281611c9dcc
2018-11-15,826.08,,ft,Approved,,2025-03-11T21:18:57.099472+00:00,e9286e10fdf94482b1ae5281611c9dcc
2018-11-16,826.03,,ft,Approved,,2025-03-11T21:18:57.099472+00:00,e9286e10fdf94482b1ae5281611c9dcc
2018-11-17,826.0,,ft,Approved,,2025-03-11T21:18:57.099472+00:00,e9286e10fdf94482b1ae5281611c9dcc
2018-11-18,825.97,,ft,Approved,,2025-03-11T21:18:57.099472+00:00,e9286e10fdf94482b1ae5281611c9dcc
2018-11-19,825.94,,ft,Approved,,2025-03-11T21:18:57.099472+00:00,e9286e10fdf94482b1ae5281611c9dcc
2018-11-20,825.92,,ft,Approved,,2025-03-11T21:18:57.099472+00:00,e9286e10fdf94482b1ae5281611c9dcc
2018-11-21,825.9,,ft,Approved,,2025-03-11T21:18:57.099472+00:00,e9286e10fdf94482b1ae5281611c9dcc
2018-11-22,825.92,,ft,Approved,,2025-03-11T21:18:57.099472+00:00,e9286e10fdf94482b1ae5281611c9dcc
2018-11-23,825.91,,ft,Approved,,2025-03-11T21:18:57.099472+00:00,e9286e10fdf94482b1ae5281611c9dcc
2018-11-24,825.88,,ft,Approved,,2025-03-11T21:18:57.099472+00:00,e9286e10fdf94482b1ae5281611c9dcc
2018-11-25,825.86,,ft,Approved,,2025-03-11T21:18:57.099472+00:00,e9286e10fdf94482b1ae5281611c9dcc
2018-11-26,825.82,,ft,Approved,,2025-03-11T21:18:57.099472+00:00,e9286e10fdf94482b1ae5281611c9dcc
2018-11-27,825.81,,ft,Approved,,2025-03-11T21:18:57.099472+00:00,e9286e10fdf94482b1ae5281611c9dcc
2018-11-28,825.81,,ft,Approved,,2025-03-11T21:18:57.099472+00:00,e9286e10fdf94482b1ae5281611c9dcc
2018-11-29,825.81,,ft,Approved,,2025-03-11T21:18:57.099472+00:00,e9286e10fdf94482b1ae5281611c9dcc
2018-11-30,825.81,,ft,Approved,,2025-03-11T21:18:57.099472+00:00,e9286e10fdf94482b1ae5281611c9dcc
2018-12-01,826.0,,ft,Approved,,2025-03-11T21:18:57.099472+00:00,e9286e10fdf94482b1ae5281611c9dcc
2018-12-02,826.0,,ft,Approved,,2025-03-11T21:18:57.099472+00:00,e9286e10fdf94482b1ae5281611c9dcc
2018-12-03,825.91,,ft,Approved,,2025-03-11T21:18:57.099472+00:00,e9286e10fdf94482b1ae5281611c9dcc
2018-12-04,825.85,,ft,Approved,,2025-03-11T21:18:57.099472+00:00,e9286e10fdf94482b1ae5281611c9dcc
2018-12-05,825.81,,ft,Approved,,2025-03-11T21:18:57.099472+00:00,e9286e10fdf94482b1ae5281611c9dcc
2018-12-06,825.8,,ft,Approved,,2025-03-11T21:18:57.099472+00:00,e9286e10fdf94482b1ae5281611c9dcc
2018-12-07,826.59,,ft,Approved,,2025-03-11T21:18:57.099472+00:00,e9286e10fdf94482b1ae5281611c9dcc
2018-12-08,829.76,,ft,Approved,,2025-03-11T21:18:57.099472+00:00,e9286e10fdf94482b1ae5281611c9dcc
2018-12-09,828.11,,ft,Approved,,2025-03-11T21:18:57.099472+00:00,e9286e10fdf94482b1ae5281611c9dcc
2018-12-10,826.82,,ft,Approved,,2025-03-11T21:18:57.099472+00:00,e9286e10fdf94482b1ae5281611c9dcc
2018-12-11,826.49,,ft,Approved,,2025-03-11T21:18:57.099472+00:00,e9286e10fdf94482b1ae5281611c9dcc
2018-12-12,826.32,,ft,Approved,,2025-03-11T21:18:57.099472+00:00,e9286e10fdf94482b1ae5281611c9dcc
2018-12-13,826.22,,ft,Approved,,2025-03-11T21:18:57.099472+00:00,e9286e10fdf94482b1ae5281611c9dcc
2018-12-14,826.11,,ft,Approved,,2025-03-11T21:18:57.099472+00:00,e9286e10fdf94482b1ae5281611c9dcc
2018-12-15,826.05,,ft,Approved,,2025-03-11T21:18:57.099472+00:00,e9286e10fdf94482b1ae5281611c9dcc
2018-12-16,826.01,,ft,Approved,,2025-03-11T21:18:57.099472+00:00,e9286e10fdf94482b1ae5281611c9dcc
2018-12-17,825.98,,ft,Approved,,2025-03-11T21:18:57.099472+00:00,e9286e10fdf94482b1ae5281611c9dcc
2018-12-18,825.96,,ft,Approved,,2025-03-11T21:18:57.099472+00:00,e9286e10fdf94482b1ae5281611c9dcc
2018-12-19,825.95,,ft,Approved,,2025-03-11T21:18:57.099472+00:00,e9286e10fdf94482b1ae5281611c9dcc
2018-12-20,825.93,,ft,Approved,,2025-03-11T21:18:57.099472+00:00,e9286e10fdf94482b1ae5281611c9dcc
2018-12-21,825.89,,ft,Approved,,2025-03-11T21:18:57.099472+00:00,e9286e10fdf94482b1ae5281611c9dcc
2018-12-22,825.88,,ft,Approved,,2025-03-11T21:18:57.099472+00:00,e9286e10fdf94482b1ae5281611c9dcc
2018-12-23,825.86,,ft,Approved,,2025-03-11T21:18:57.099472+00:00,e9286e10fdf94482b1ae5281611c9dcc
2018-12-24,825.84,,ft,Approved,,2025-03-11T21:18:57.099472+00:00,e9286e10fdf94482b1ae5281611c9dcc
2018-12-25,825.84,,ft,Approved,,2025-03-11T21:18:57.099472+00:00,e9286e10fdf94482b1ae5281611c9dcc
2018-12-26,825.91,,ft,Approved,,2025-03-11T21:18:57.099472+00:00,e9286e10fdf94482b1ae5281611c9dcc
2018-12-27,833.42,,ft,Approved,,2025-03-11T21:18:57.099472+00:00,e9286e10fdf94482b1ae5281611c9dcc
2018-12-28,832.7,,ft,Approved,,2025-03-11T21:18:57.099472+00:00,e9286e10fdf94482b1ae5281611c9dcc
2018-12-29,830.89,,ft,Approved,,2025-03-11T21:18:57.099472+00:00,e9286e10fdf94482b1ae5281611c9dcc
2018-12-30,828.57,,ft,Approved,,2025-03-11T21:18:57.099472+00:00,e9286e10fdf94482b1ae5281611c9dcc
2018-12-31,826.99,,ft,Approved,,2025-03-11T21:18:57.099472+00:00,e9286e10fdf94482b1ae5281611c9dcc
2019-01-01,826.6,,ft,Approved,,2025-03-11T21:18:57.099472+00:00,e9286e10fdf94482b1ae5281611c9dcc
2019-01-02,828.13,,ft,Approved,,2025-03-11T21:18:57.099472+00:00,e9286e10fdf94482b1ae5281611c9dcc
2019-01-03,831.86,,ft,Approved,,2025-03-11T21:18:57.099472+00:00,e9286e10fdf94482b1ae5281611c9dcc
2019-01-04,831.15,,ft,Approved,,2025-03-11T21:18:57.099472+00:00,e9286e10fdf94482b1ae5281611c9dcc
2019-01-05,829.33,,ft,Approved,,2025-03-11T21:18:57.099472+00:00,e9286e10fdf94482b1ae5281611c9dcc
2019-01-06,827.36,,ft,Approved,,2025-03-11T21:18:57.099472+00:00,e9286e10fdf94482b1ae5281611c9dcc
2019-01-07,826.83,,ft,Approved,,2025-03-11T21:18:57.099472+00:00,e9286e10fdf94482b1ae5281611c9dcc
2019-01-08,826.65,,ft,Approved,,2025-03-11T21:18:57.099472+00:00,e9286e10fdf94482b1ae5281611c9dcc
2019-01-09,826.49,,ft,Approved,,2025-03-11T21:18:57.099472+00:00,e9286e10fdf94482b1ae5281611c9dcc
2019-01-10,826.37,,ft,Approved,,2025-03-11T21:18:57.099472+00:00,e9286e10fdf94482b1ae5281611c9dcc
2019-01-11,826.3,,ft,Approved,,2025-03-11T21:18:57.099472+00:00,e9286e10fdf94482b1ae5281611c9dcc
2019-01-12,826.64,,ft,Approved,,2025-03-11T21:18:57.099472+00:00,e9286e10fdf94482b1ae5281611c9dcc
2019-01-13,826.53,,ft,Approved,,2025-03-11T21:18:57.099472+00:00,e9286e10fdf94482b1ae5281611c9dcc
2019-01-14,826.35,,ft,Approved,,2025-03-11T21:18:57.099472+00:00,e9286e10fdf94482b1ae5281611c9dcc
2019-01-15,826.25,,ft,Approved,,2025-03-11T21:18:57.099472+00:00,e9286e10fdf94482b1ae5281611c9dcc
2019-01-16,826.19,,ft,Approved,,2025-03-11T21:18:57.099472+00:00,e9286e10fdf94482b1ae5281611c9dcc
2019-01-17,826.17,,ft,Approved,,2025-03-11T21:18:57.099472+00:00,e9286e10fdf94482b1ae5281611c9dcc
2019-01-18,826.13,,ft,Approved,,2025-03-11T21:18:57.099472+00:00,e9286e10fdf94482b1ae5281611c9dcc
2019-01-19,826.11,,ft,Approved,,2025-03-11T21:18:57.099472+00:00,e9286e10fdf94482b1ae5281611c9dcc
2019-01-20,826.07,,ft,Approved,,2025-03-11T21:18:57.099472+00:00,e9286e10fdf94482b1ae5281611c9dcc
2019-01-21,826.05,,ft,Approved,,2025-03-11T21:18:57.099472+00:00,e9286e10fdf94482b1ae5281611c9dcc
2019-01-22,826.05,,ft,Approved,,2025-03-11T21:18:57.099472+00:00,e9286e10fdf94482b1ae5281611c9dcc
2019-01-23,826.31,,ft,Approved,,2025-03-11T21:18:57.099472+00:00,e9286e10fdf94482b1ae5281611c9dcc
2019-01-24,826.3,,ft,Approved,,2025-03-11T21:18:57.099472+00:00,e9286e10fdf94482b1ae5281611c9dcc
2019-01-25,826.18,,ft,Approved,,2025-03-11T21:18:57.099472+00:00,e9286e10fdf94482b1ae5281611c9dcc
2019-01-26,826.11,,ft,Approved,,2025-03-11T21:18:57.099472+00:00,e9286e10fdf94482b1ae5281611c9dcc
2019-01-27,826.43,,ft,Approved,,2025-03-11T21:18:57.099472+00:00,e9286e10fdf94482b1ae5281611c9dcc
2019-01-28,826.39,,ft,Approved,,2025-03-11T21:18:57.099472+00:00,e9286e10fdf94482b1ae5281611c9dcc
2019-01-29,826.23,,ft,Approved,,2025-03-11T21:18:57.099472+00:00,e9286e10fdf94482b1ae5281611c9dcc
2019-01-30,826.14,,ft,Approved,,2025-03-11T21:18:57.099472+00:00,e9286e10fdf94482b1ae5281611c9dcc
2019-01-31,826.1,,ft,Approved,,2025-03-11T21:18:57.099472+00:00,e9286e10fdf94482b1ae5281611c9dcc
2019-02-01,826.08,,ft,Approved,,2025-03-11T21:18:57.099472+00:00,e9286e10fdf94482b1ae5281611c9dcc
2019-02-02,826.06,,ft,Approved,,2025-03-11T21:18:57.099472+00:00,e9286e10fdf94482b1ae5281611c9dcc
2019-02-03,826.04,,ft,Approved,,2025-03-11T21:18:57.099472+00:00,e9286e10fdf94482b1ae5281611c9dcc
2019-02-04,826.02,,ft,Approved,,2025-03-11T21:18:57.099472+00:00,e9286e10fdf94482b1ae5281611c9dcc
2019-02-05,826.0,,ft,Approved,,2025-03-11T21:18:57.099472+00:00,e9286e10fdf94482b1ae5281611c9dcc
2019-02-06,825.98,,ft,Approved,,2025-03-11T21:18:57.099472+00:00,e9286e10fdf94482b1ae5281611c9dcc
2019-02-07,825.97,,ft,Approved,,2025-03-11T21:18:57.099472+00:00,e9286e10fdf94482b1ae5281611c9dcc
2019-02-08,825.92,,ft,Approved,,2025-03-11T21:18:57.099472+00:00,e9286e10fdf94482b1ae5281611c9dcc
2019-02-09,825.9,,ft,Approved,,2025-03-11T21:18:57.099472+00:00,e9286e10fdf94482b1ae5281611c9dcc
2019-02-10,825.92,,ft,Approved,,2025-03-11T21:18:57.099472+00:00,e9286e10fdf94482b1ae5281611c9dcc
2019-02-11,825.95,,ft,Approved,,2025-03-11T21:18:57.099472+00:00,e9286e10fdf94482b1ae5281611c9dcc
2019-02-12,825.95,,ft,Approved,,2025-03-11T21:18:57.099472+00:00,e9286e10fdf94482b1ae5281611c9dcc
2019-02-13,825.92,,ft,Approved,,2025-03-11T21:18:57.099472+00:00,e9286e10fdf94482b1ae5281611c9dcc
2019-02-14,825.91,,ft,Approved,,2025-03-11T21:18:57.099472+00:00,e9286e10fdf94482b1ae5281611c9dcc
2019-02-15,825.9,,ft,Approved,,2025-03-11T21:18:57.099472+00:00,e9286e10fdf94482b1ae5281611c9dcc
2019-02-16,825.87,,ft,Approved,,2025-03-11T21:18:57.099472+00:00,e9286e10fdf94482b1ae5281611c9dcc
2019-02-17,825.86,,ft,Approved,,2025-03-11T21:18:57.099472+00:00,e9286e10fdf94482b1ae5281611c9dcc
2019-02-18,825.83,,ft,Approved,,2025-03-11T21:18:57.099472+00:00,e9286e10fdf94482b1ae5281611c9dcc
2019-02-19,825.84,,ft,Approved,,2025-03-11T21:18:57.099472+00:00,e9286e10fdf94482b1ae5281611c9dcc
2019-02-20,825.93,,ft,Approved,,2025-03-11T21:18:57.099472+00:00,e9286e10fdf94482b1ae5281611c9dcc
2019-02-21,825.9,,ft,Approved,,2025-03-11T21:18:57.099472+00:00,e9286e10fdf94482b1ae5281611c9dcc
2019-02-22,825.88,,ft,Approved,,2025-03-11T21:18:57.099472+00:00,e9286e10fdf94482b1ae5281611c9dcc
2019-02-23,825.87,,ft,Approved,,2025-03-11T21:18:57.099472+00:00,e9286e10fdf94482b1ae5281611c9dcc
2019-02-24,825.83,,ft,Approved,,2025-03-11T21:18:57.099472+00:00,e9286e10fdf94482b1ae5281611c9dcc
2019-02-25,825.8,,ft,Approved,,2025-03-11T21:18:57.099472+00:00,e9286e10fdf94482b1ae5281611c9dcc
2019-02-26,825.78,,ft,Approved,,2025-03-11T21:18:57.099472+00:00,e9286e10fdf94482b1ae5281611c9dcc
2019-02-27,825.79,,ft,Approved,,2025-03-11T21:18:57.099472+00:00,e9286e10fdf94482b1ae5281611c9dcc
2019-02-28,825.78,,ft,Approved,,2025-03-11T21:18:57.099472+00:00,e9286e10fdf94482b1ae5281611c9dcc
2019-03-01,825.77,,ft,Approved,,2025-03-11T21:18:57.099472+00:00,e9286e10fdf94482b1ae5281611c9dcc
2019-03-02,825.77,,ft,Approved,,2025-03-11T21:18:57.099472+00:00,e9286e10fdf94482b1ae5281611c9dcc
2019-03-03,825.76,,ft,Approved,,2025-03-11T21:18:57.099472+00:00,e9286e10fdf94482b1ae5281611c9dcc
2019-03-04,825.74,,ft,Approved,,2025-03-11T21:18:57.099472+00:00,e9286e10fdf94482b1ae5281611c9dcc
2019-03-05,825.72,,ft,Approved,,2025-03-11T21:18:57.099472+00:00,e9286e10fdf94482b1ae5281611c9dcc
2019-03-06,825.72,,ft,Approved,,2025-03-11T21:18:57.099472+00:00,e9286e10fdf94482b1ae5281611c9dcc
2019-03-07,825.73,,ft,Approved,,2025-03-11T21:18:57.099472+00:00,e9286e10fdf94482b1ae5281611c9dcc
2019-03-08,825.74,,ft,Approved,,2025-03-11T21:18:57.099472+00:00,e9286e10fdf94482b1ae5281611c9dcc
2019-03-09,825.75,,ft,Approved,,2025-03-11T21:18:57.099472+00:00,e9286e10fdf94482b1ae5281611c9dcc
2019-03-10,825.74,,ft,Approved,,2025-03-11T21:18:57.099472+00:00,e9286e10fdf94482b1ae5281611c9dcc
2019-03-11,825.73,,ft,Approved,,2025-03-11T21:18:57.099472+00:00,e9286e10fdf94482b1ae5281611c9dcc
2019-03-12,825.73,,ft,Approved,,2025-03-11T21:18:57.099472+00:00,e9286e10fdf94482b1ae5281611c9dcc
2019-03-13,825.94,,ft,Approved,,2025-03-11T21:18:57.099472+00:00,e9286e10fdf94482b1ae5281611c9dcc
2019-03-14,826.09,,ft,Approved,,2025-03-11T21:18:57.099472+00:00,e9286e10fdf94482b1ae5281611c9dcc
2019-03-15,825.93,,ft,Approved,,2025-03-11T21:18:57.099472+00:00,e9286e10fdf94482b1ae5281611c9dcc
2019-03-16,825.84,,ft,Approved,,2025-03-11T21:18:57.099472+00:00,e9286e10fdf94482b1ae5281611c9dcc
2019-03-17,825.79,,ft,Approved,,2025-03-11T21:18:57.099472+00:00,e9286e10fdf94482b1ae5281611c9dcc
2019-03-18,825.76,,ft,Approved,,2025-03-11T21:18:57.099472+00:00,e9286e10fdf94482b1ae5281611c9dcc
2019-03-19,825.74,,ft,Approved,,2025-03-11T21:18:57.099472+00:00,e9286e10fdf94482b1ae5281611c9dcc
2019-03-20,825.73,,ft,Approved,,2025-03-11T21:18:57.099472+00:00,e9286e10fdf94482b1ae5281611c9dcc
2019-03-21,825.71,,ft,Approved,,2025-03-11T21:18:57.099472+00:00,e9286e10fdf94482b1ae5281611c9dcc
2019-03-22,825.7,,ft,Approved,,2025-03-11T21:18:57.099472+00:00,e9286e10fdf94482b1ae5281611c9dcc
2019-03-23,825.69,,ft,Approved,,2025-03-11T21:18:57.099472+00:00,e9286e10fdf94482b1ae5281611c9dcc
2019-03-24,825.7,,ft,Approved,,2025-03-11T21:18:57.099472+00:00,e9286e10fdf94482b1ae5281611c9dcc
2019-03-25,825.71,,ft,Approved,,2025-03-11T21:18:57.099472+00:00,e9286e10fdf94482b1ae5281611c9dcc
2019-03-26,825.69,,ft,Approved,,2025-03-11T21:18:57.099472+00:00,e9286e10fdf94482b1ae5281611c9dcc
2019-03-27,825.67,,ft,Approved,,2025-03-11T21:18:57.099472+00:00,e9286e10fdf94482b1ae5281611c9dcc
2019-03-28,825.66,,ft,Approved,,2025-03-11T21:18:57.099472+00:00,e9286e10fdf94482b1ae5281611c9dcc
2019-03-29,825.66,,ft,Approved,,2025-03-11T21:18:57.099472+00:00,e9286e10fdf94482b1ae5281611c9dcc
2019-03-30,825.68,,ft,Approved,,2025-03-11T21:18:57.099472+00:00,e9286e10fdf94482b1ae5281611c9dcc
2019-03-31,825.66,,ft,Approved,,2025-03-11T21:18:57.099472+00:00,e9286e10fdf94482b1ae5281611c9dcc
2019-04-01,825.66,,ft,Approved,,2025-03-11T21:18:57.099472+00:00,e9286e10fdf94482b1ae5281611c9dcc
2019-04-02,825.66,,ft,Approved,,2025-03-11T21:18:57.099472+00:00,e9286e10fdf94482b1ae5281611c9dcc
2019-04-03,825.65,,ft,Approved,,2025-03-11T21:18:57.099472+00:00,e9286e10fdf94482b1ae5281611c9dcc
2019-04-04,825.68,,ft,Approved,,2025-03-11T21:18:57.099472+00:00,e9286e10fdf94482b1ae5281611c9dcc
2019-04-05,825.68,,ft,Approved,,2025-03-11T21:18:57.099472+00:00,e9286e10fdf94482b1ae5281611c9dcc
2019-04-06,826.89,,ft,Approved,,2025-03-11T21:18:57.099472+00:00,e9286e10fdf94482b1ae5281611c9dcc
2019-04-07,828.64,,ft,Approved,,2025-03-11T21:18:57.099472+00:00,e9286e10fdf94482b1ae5281611c9dcc
2019-04-08,827.31,,ft,Approved,,2025-03-11T21:18:57.099472+00:00,e9286e10fdf94482b1ae5281611c9dcc
2019-04-09,826.61,,ft,Approved,,2025-03-11T21:18:57.099472+00:00,e9286e10fdf94482b1ae5281611c9dcc
2019-04-10,826.38,,ft,Approved,,2025-03-11T21:18:57.099472+00:00,e9286e10fdf94482b1ae5281611c9dcc
2019-04-11,826.21,,ft,Approved,,2025-03-11T21:18:57.099472+00:00,e9286e10fdf94482b1ae5281611c9dcc
2019-04-12,826.1,,ft,Approved,,2025-03-11T21:18:57.099472+00:00,e9286e10fdf94482b1ae5281611c9dcc
2019-04-13,826.22,,ft,Approved,,2025-03-11T21:18:57.099472+00:00,e9286e10fdf94482b1ae5281611c9dcc
2019-04-14,826.48,,ft,Approved,,2025-03-11T21:18:57.099472+00:00,e9286e10fdf94482b1ae5281611c9dcc
2019-04-15,826.28,,ft,Approved,,2025-03-11T21:18:57.099472+00:00,e9286e10fdf94482b1ae5281611c9dcc
2019-04-16,826.13,,ft,Approved,,2025-03-11T21:18:57.099472+00:00,e9286e10fdf94482b1ae5281611c9dcc
2019-04-17,826.05,,ft,Approved,,2025-03-11T21:18:57.099472+00:00,e9286e10fdf94482b1ae5281611c9dcc
2019-04-18,827.06,,ft,Approved,,2025-03-11T21:18:57.099472+00:00,e9286e10fdf94482b1ae5281611c9dcc
2019-04-19,826.79,,ft,Approved,,2025-03-11T21:18:57.099472+00:00,e9286e10fdf94482b1ae5281611c9dcc
2019-04-20,826.47,,ft,Approved,,2025-03-11T21:18:57.099472+00:00,e9286e10fdf94482b1ae5281611c9dcc
2019-04-21,826.26,,ft,Approved,,2025-03-11T21:18:57.099472+00:00,e9286e10fdf94482b1ae5281611c9dcc
2019-04-22,826.13,,ft,Approved,,2025-03-11T21:18:57.099472+00:00,e9286e10fdf94482b1ae5281611c9dcc
2019-04-23,826.04,,ft,Approved,,2025-03-11T21:18:57.099472+00:00,e9286e10fdf94482b1ae5281611c9dcc
2019-04-24,827.39,,ft,Approved,,2025-03-11T21:18:57.099472+00:00,e9286e10fdf94482b1ae5281611c9dcc
2019-04-25,830.51,,ft,Approved,,2025-03-11T21:18:57.099472+00:00,e9286e10fdf94482b1ae5281611c9dcc
2019-04-26,828.5,,ft,Approved,,2025-03-11T21:18:57.099472+00:00,e9286e10fdf94482b1ae5281611c9dcc
2019-04-27,826.97,,ft,Approved,,2025-03-11T21:18:57.099472+00:00,e9286e10fdf94482b1ae5281611c9dcc
2019-04-28,826.66,,ft,Approved,,2025-03-11T21:18:57.099472+00:00,e9286e10fdf94482b1ae5281611c9dcc
2019-04-29,826.45,,ft,Approved,,2025-03-11T21:18:57.099472+00:00,e9286e10fdf94482b1ae5281611c9dcc
2019-04-30,826.3,,ft,Approved,,2025-03-11T21:18:57.099472+00:00,e9286e10fdf94482b1ae5281611c9dcc
2019-05-01,826.22,,ft,Approved,,2025-03-11T21:18:57.099472+00:00,e9286e10fdf94482b1ae5281611c9dcc
2019-05-02,826.19,,ft,Approved,,2025-03-11T21:18:57.099472+00:00,e9286e10fdf94482b1ae5281611c9dcc
2019-05-03,826.66,,ft,Approved,,2025-03-11T21:18:57.099472+00:00,e9286e10fdf94482b1ae5281611c9dcc
2019-05-04,828.09,,ft,Approved,,2025-03-11T21:18:57.099472+00:00,e9286e10fdf94482b1ae5281611c9dcc
2019-05-05,827.08,,ft,Approved,,2025-03-11T21:18:57.099472+00:00,e9286e10fdf94482b1ae5281611c9dcc
2019-05-06,826.83,,ft,Approved,,2025-03-11T21:18:57.099472+00:00,e9286e10fdf94482b1ae5281611c9dcc
2019-05-07,826.84,,ft,Approved,,2025-03-11T21:18:57.099472+00:00,e9286e10fdf94482b1ae5281611c9dcc
2019-05-08,829.55,,ft,Approved,,2025-03-11T21:18:57.099472+00:00,e9286e10fdf94482b1ae5281611c9dcc
2019-05-09,829.7,,ft,Approved,,2025-03-11T21:18:57.099472+00:00,e9286e10fdf94482b1ae5281611c9dcc
2019-05-10,827.78,,ft,Approved,,2025-03-11T21:18:57.099472+00:00,e9286e10fdf94482b1ae5281611c9dcc
2019-05-11,827.1,,ft,Approved,,2025-03-11T21:18:57.099472+00:00,e9286e10fdf94482b1ae5281611c9dcc
2019-05-12,827.01,,ft,Approved,,2025-03-11T21:18:57.099472+00:00,e9286e10fdf94482b1ae5281611c9dcc
2019-05-13,826.82,,ft,Approved,,2025-03-11T21:18:57.099472+00:00,e9286e10fdf94482b1ae5281611c9dcc
2019-05-14,826.7,,ft,Approved,,2025-03-11T21:18:57.099472+00:00,e9286e10fdf94482b1ae5281611c9dcc
2019-05-15,826.58,,ft,Approved,,2025-03-11T21:18:57.099472+00:00,e9286e10fdf94482b1ae5281611c9dcc
2019-05-16,826.47,,ft,Approved,,2025-03-11T21:18:57.099472+00:00,e9286e10fdf94482b1ae5281611c9dcc
2019-05-17,826.38,,ft,Approved,,2025-03-11T21:18:57.099472+00:00,e9286e10fdf94482b1ae5281611c9dcc
2019-05-18,826.35,,ft,Approved,,2025-03-11T21:18:57.099472+00:00,e9286e10fdf94482b1ae5281611c9dcc
2019-05-19,826.34,,ft,Approved,,2025-03-11T21:18:57.099472+00:00,e9286e10fdf94482b1ae5281611c9dcc
2019-05-20,826.27,,ft,Approved,,2025-03-11T21:18:57.099472+00:00,e9286e10fdf94482b1ae5281611c9dcc
2019-05-21,826.24,,ft,Approved,,2025-03-11T21:18:57.099472+00:00,e9286e10fdf94482b1ae5281611c9dcc
2019-05-22,826.28,,ft,Approved,,2025-03-11T21:18:57.099472+00:00,e9286e10fdf94482b1ae5281611c9dcc
2019-05-23,826.21,,ft,Approved,,2025-03-11T21:18:57.099472+00:00,e9286e10fdf94482b1ae5281611c9dcc
2019-05-24,826.12,,ft,Approved,,2025-03-11T21:18:57.099472+00:00,e9286e10fdf94482b1ae5281611c9dcc
2019-05-25,826.03,,ft,Approved,,2025-03-11T21:18:57.099472+00:00,e9286e10fdf94482b1ae5281611c9dcc
2019-05-26,825.95,,ft,Approved,,2025-03-11T21:18:57.099472+00:00,e9286e10fdf94482b1ae5281611c9dcc
2019-05-27,825.9,,ft,Approved,,2025-03-11T21:18:57.099472+00:00,e9286e10fdf94482b1ae5281611c9dcc
2019-05-28,825.87,,ft,Approved,,2025-03-11T21:18:57.099472+00:00,e9286e10fdf94482b1ae5281611c9dcc
2019-05-29,825.86,,ft,Approved,,2025-03-11T21:18:57.099472+00:00,e9286e10fdf94482b1ae5281611c9dcc
2019-05-30,825.87,,ft,Approved,,2025-03-11T21:18:57.099472+00:00,e9286e10fdf94482b1ae5281611c9dcc
2019-05-31,825.86,,ft,Approved,,2025-03-11T21:18:57.099472+00:00,e9286e10fdf94482b1ae5281611c9dcc
2019-06-01,825.83,,ft,Approved,,2025-03-11T21:18:57.099472+00:00,e9286e10fdf94482b1ae5281611c9dcc
2019-06-02,825.81,,ft,Approved,,2025-03-11T21:18:57.099472+00:00,e9286e10fdf94482b1ae5281611c9dcc
2019-06-03,825.79,,ft,Approved,,2025-03-11T21:18:57.099472+00:00,e9286e10fdf94482b1ae5281611c9dcc
2019-06-04,825.8,,ft,Approved,,2025-03-11T21:18:57.099472+00:00,e9286e10fdf94482b1ae5281611c9dcc
2019-06-05,826.71,,ft,Approved,,2025-03-11T21:18:57.099472+00:00,e9286e10fdf94482b1ae5281611c9dcc
2019-06-06,827.0,,ft,Approved,,2025-03-11T21:18:57.099472+00:00,e9286e10fdf94482b1ae5281611c9dcc
2019-06-07,826.9,,ft,Approved,,2025-03-11T21:18:57.099472+00:00,e9286e10fdf94482b1ae5281611c9dcc
2019-06-08,826.63,,ft,Approved,,2025-03-11T21:18:57.099472+00:00,e9286e10fdf94482b1ae5281611c9dcc
2019-06-09,826.31,,ft,Approved,,2025-03-11T21:18:57.099472+00:00,e9286e10fdf94482b1ae5281611c9dcc
2019-06-10,826.62,,ft,Approved,,2025-03-11T21:18:57.099472+00:00,e9286e10fdf94482b1ae5281611c9dcc
2019-06-11,826.32,,ft,Approved,,2025-03-11T21:18:57.099472+00:00,e9286e10fdf94482b1ae5281611c9dcc
2019-06-12,826.13,,ft,Approved,,2025-03-11T21:18:57.099472+00:00,e9286e10fdf94482b1ae5281611c9dcc
2019-06-13,826.0,,ft,Approved,,2025-03-11T21:18:57.099472+00:00,e9286e10fdf94482b1ae5281611c9dcc
2019-06-14,825.91,,ft,Approved,,2025-03-11T21:18:57.099472+00:00,e9286e10fdf94482b1ae5281611c9dcc
2019-06-15,825.85,,ft,Approved,,2025-03-11T21:18:57.099472+00:00,e9286e10fdf94482b1ae5281611c9dcc
2019-06-16,825.81,,ft,Approved,,2025-03-11T21:18:57.099472+00:00,e9286e10fdf94482b1ae5281611c9dcc
2019-06-17,827.26,,ft,Approved,,2025-03-11T21:18:57.099472+00:00,e9286e10fdf94482b1ae5281611c9dcc
2019-06-18,826.75,,ft,Approved,,2025-03-11T21:18:57.099472+00:00,e9286e10fdf94482b1ae5281611c9dcc
2019-06-19,826.38,,ft,Approved,,2025-03-11T21:18:57.099472+00:00,e9286e10fdf94482b1ae5281611c9dcc
2019-06-20,826.14,,ft,Approved,,2025-03-11T21:18:57.099472+00:00,e9286e10fdf94482b1ae5281611c9dcc
2019-06-21,826.0,,ft,Approved,,2025-03-11T21:18:57.099472+00:00,e9286e10fdf94482b1ae5281611c9dcc
2019-06-22,825.91,,ft,Approved,,2025-03-11T21:18:57.099472+00:00,e9286e10fdf94482b1ae5281611c9dcc
2019-06-23,825.85,,ft,Approved,,2025-03-11T21:18:57.099472+00:00,e9286e10fdf94482b1ae5281611c9dcc
2019-06-24,825.97,,ft,Approved,,2025-03-11T21:18:57.099472+00:00,e9286e10fdf94482b1ae5281611c9dcc
2019-06-25,826.25,,ft,Approved,,2025-03-11T21:18:57.099472+00:00,e9286e10fdf94482b1ae5281611c9dcc
2019-06-26,826.08,,ft,Approved,,2025-03-11T21:18:57.099472+00:00,e9286e10fdf94482b1ae5281611c9dcc
2019-06-27,826.19,,ft,Approved,,2025-03-11T21:18:57.099472+00:00,e9286e10fdf94482b1ae5281611c9dcc
2019-06-28,827.08,,ft,Approved,,2025-03-11T21:18:57.099472+00:00,e9286e10fdf94482b1ae5281611c9dcc
2019-06-29,826.58,,ft,Approved,,2025-03-11T21:18:57.099472+00:00,e9286e10fdf94482b1ae5281611c9dcc
2019-06-30,826.83,,ft,Approved,,2025-03-11T21:18:57.099472+00:00,e9286e10fdf94482b1ae5281611c9dcc
2019-07-01,826.67,,ft,Approved,,2025-03-11T21:18:57.099472+00:00,e9286e10fdf94482b1ae5281611c9dcc
2019-07-02,826.34,,ft,Approved,,2025-03-11T21:18:57.099472+00:00,e9286e10fdf94482b1ae5281611c9dcc
2019-07-03,826.18,,ft,Approved,,2025-03-11T21:18:57.099472+00:00,e9286e10fdf94482b1ae5281611c9dcc
2019-07-04,826.33,,ft,Approved,,2025-03-11T21:18:57.099472+00:00,e9286e10fdf94482b1ae5281611c9dcc
2019-07-05,826.16,,ft,Approved,,2025-03-11T21:18:57.099472+00:00,e9286e10fdf94482b1ae5281611c9dcc
2019-07-06,826.02,,ft,Approved,,2025-03-11T21:18:57.099472+00:00,e9286e10fdf94482b1ae5281611c9dcc
2019-07-07,825.92,,ft,Approved,,2025-03-11T21:18:57.099472+00:00,e9286e10fdf94482b1ae5281611c9dcc
2019-07-08,825.96,,ft,Approved,,2025-03-11T21:18:57.099472+00:00,e9286e10fdf94482b1ae5281611c9dcc
2019-07-09,826.72,,ft,Approved,,2025-03-11T21:18:57.099472+00:00,e9286e10fdf94482b1ae5281611c9dcc
2019-07-10,826.4,,ft,Approved,,2025-03-11T21:18:57.099472+00:00,e9286e10fdf94482b1ae5281611c9dcc
2019-07-11,826.15,,ft,Approved,,2025-03-11T21:18:57.099472+00:00,e9286e10fdf94482b1ae5281611c9dcc
2019-07-12,825.99,,ft,Approved,,2025-03-11T21:18:57.099472+00:00,e9286e10fdf94482b1ae5281611c9dcc
2019-07-13,825.88,,ft,Approved,,2025-03-11T21:18:57.099472+00:00,e9286e10fdf94482b1ae5281611c9dcc
2019-07-14,825.81,,ft,Approved,,2025-03-11T21:18:57.099472+00:00,e9286e10fdf94482b1ae5281611c9dcc
2019-07-15,825.76,,ft,Approved,,2025-03-11T21:18:57.099472+00:00,e9286e10fdf94482b1ae5281611c9dcc
2019-07-16,825.73,,ft,Approved,,2025-03-11T21:18:57.099472+00:00,e9286e10fdf94482b1ae5281611c9dcc
2019-07-17,825.7,,ft,Approved,,2025-03-11T21:18:57.099472+00:00,e9286e10fdf94482b1ae5281611c9dcc
2019-07-18,825.67,,ft,Approved,,2025-03-11T21:18:57.099472+00:00,e9286e10fdf94482b1ae5281611c9dcc
2019-07-19,825.65,,ft,Approved,,2025-03-11T21:18:57.099472+00:00,e9286e10fdf94482b1ae5281611c9dcc
2019-07-20,825.63,,ft,Approved,,2025-03-11T21:18:57.099472+00:00,e9286e10fdf94482b1ae5281611c9dcc
2019-07-21,825.61,,ft,Approved,,2025-03-11T21:18:57.099472+00:00,e9286e10fdf94482b1ae5281611c9dcc
2019-07-22,825.6,,ft,Approved,,2025-03-11T21:18:57.099472+00:00,e9286e10fdf94482b1ae5281611c9dcc
2019-07-23,825.6,,ft,Approved,,2025-03-11T21:18:57.099472+00:00,e9286e10fdf94482b1ae5281611c9dcc
2019-07-24,825.59,,ft,Approved,,2025-03-11T21:18:57.099472+00:00,e9286e10fdf94482b1ae5281611c9dcc
2019-07-25,825.57,,ft,Approved,,2025-03-11T21:18:57.099472+00:00,e9286e10fdf94482b1ae5281611c9dcc
2019-07-26,825.56,,ft,Approved,,2025-03-11T21:18:57.099472+00:00,e9286e10fdf94482b1ae5281611c9dcc
2019-07-27,825.55,,ft,Approved,,2025-03-11T21:18:57.099472+00:00,e9286e10fdf94482b1ae5281611c9dcc
2019-07-28,825.55,,ft,Approved,,2025-03-11T21:18:57.099472+00:00,e9286e10fdf94482b1ae5281611c9dcc
2019-07-29,825.53,,ft,Approved,,2025-03-11T21:18:57.099472+00:00,e9286e10fdf94482b1ae5281611c9dcc
2019-07-30,825.53,,ft,Approved,,2025-03-11T21:18:57.099472+00:00,e9286e10fdf94482b1ae5281611c9dcc
2019-07-31,825.53,,ft,Approved,,2025-03-11T21:18:57.099472+00:00,e9286e10fdf94482b1ae5281611c9dcc
2019-08-01,825.52,,ft,Approved,,2025-03-11T21:18:57.099472+00:00,e9286e10fdf94482b1ae5281611c9dcc
2019-08-02,825.51,,ft,Approved,,2025-03-11T21:18:57.099472+00:00,e9286e10fdf94482b1ae5281611c9dcc
2019-08-03,825.5,,ft,Approved,,2025-03-11T21:18:57.099472+00:00,e9286e10fdf94482b1ae5281611c9dcc
2019-08-04,825.55,,ft,Approved,,2025-03-11T21:18:57.099472+00:00,e9286e10fdf94482b1ae5281611c9dcc
2019-08-05,825.62,,ft,Approved,,2025-03-11T21:18:57.099472+00:00,e9286e10fdf94482b1ae5281611c9dcc
2019-08-06,825.59,,ft,Approved,,2025-03-11T21:18:57.099472+00:00,e9286e10fdf94482b1ae5281611c9dcc
2019-08-07,825.56,,ft,Approved,,2025-03-11T21:18:57.099472+00:00,e9286e10fdf94482b1ae5281611c9dcc
2019-08-08,825.53,,ft,Approved,,2025-03-11T21:18:57.099472+00:00,e9286e10fdf94482b1ae5281611c9dcc
2019-08-09,825.51,,ft,Approved,,2025-03-11T21:18:57.099472+00:00,e9286e10fdf94482b1ae5281611c9dcc
2019-08-10,825.48,,ft,Approved,,2025-03-11T21:18:57.099472+00:00,e9286e10fdf94482b1ae5281611c9dcc
2019-08-11,825.47,,ft,Approved,,2025-03-11T21:18:57.099472+00:00,e9286e10fdf94482b1ae5281611c9dcc
2019-08-12,825.45,,ft,Approved,,2025-03-11T21:18:57.099472+00:00,e9286e10fdf94482b1ae5281611c9dcc
2019-08-13,825.44,,ft,Approved,,2025-03-11T21:18:57.099472+00:00,e9286e10fdf94482b1ae5281611c9dcc
2019-08-14,825.43,,ft,Approved,,2025-03-11T21:18:57.099472+00:00,e9286e10fdf94482b1ae5281611c9dcc
2019-08-15,825.42,,ft,Approved,,2025-03-11T21:18:57.099472+00:00,e9286e10fdf94482b1ae5281611c9dcc
2019-08-16,825.41,,ft,Approved,,2025-03-11T21:18:57.099472+00:00,e9286e10fdf94482b1ae5281611c9dcc
2019-08-17,825.4,,ft,Approved,,2025-03-11T21:18:57.099472+00:00,e9286e10fdf94482b1ae5281611c9dcc
2019-08-18,825.38,,ft,Approved,,2025-03-11T21:18:57.099472+00:00,e9286e10fdf94482b1ae5281611c9dcc
2019-08-19,825.37,,ft,Approved,,2025-03-11T21:18:57.099472+00:00,e9286e10fdf94482b1ae5281611c9dcc
2019-08-20,825.35,,ft,Approved,,2025-03-11T21:18:57.099472+00:00,e9286e10fdf94482b1ae5281611c9dcc
2019-08-21,825.34,,ft,Approved,,2025-03-11T21:18:57.099472+00:00,e9286e10fdf94482b1ae5281611c9dcc
2019-08-22,825.33,,ft,Approved,,2025-03-11T21:18:57.099472+00:00,e9286e10fdf94482b1ae5281611c9dcc
2019-08-23,825.32,,ft,Approved,,2025-03-11T21:18:57.099472+00:00,e9286e10fdf94482b1ae5281611c9dcc
2019-08-24,825.3,,ft,Approved,,2025-03-11T21:18:57.099472+00:00,e9286e10fdf94482b1ae5281611c9dcc
2019-08-25,825.29,,ft,Approved,,2025-03-11T21:18:57.099472+00:00,e9286e10fdf94482b1ae5281611c9dcc
2019-08-26,825.29,,ft,Approved,,2025-03-11T21:18:57.099472+00:00,e9286e10fdf94482b1ae5281611c9dcc
2019-08-27,825.29,,ft,Approved,,2025-03-11T21:18:57.099472+00:00,e9286e10fdf94482b1ae5281611c9dcc
2019-08-28,825.29,,ft,Approved,,2025-03-11T21:18:57.099472+00:00,e9286e10fdf94482b1ae5281611c9dcc
2019-08-29,825.28,,ft,Approved,,2025-03-11T21:18:57.099472+00:00,e9286e10fdf94482b1ae5281611c9dcc
2019-08-30,825.28,,ft,Approved,,2025-03-11T21:18:57.099472+00:00,e9286e10fdf94482b1ae5281611c9dcc
2019-08-31,825.27,,ft,Approved,,2025-03-11T21:18:57.099472+00:00,e9286e10fdf94482b1ae5281611c9dcc
2019-09-01,825.25,,ft,Approved,,2025-03-11T21:18:57.099472+00:00,e9286e10fdf94482b1ae5281611c9dcc
2019-09-02,825.32,,ft,Approved,,2025-03-11T21:18:57.099472+00:00,e9286e10fdf94482b1ae5281611c9dcc
2019-09-03,825.34,,ft,Approved,,2025-03-11T21:18:57.099472+00:00,e9286e10fdf94482b1ae5281611c9dcc
2019-09-04,825.33,,ft,Approved,,2025-03-11T21:18:57.099472+00:00,e9286e10fdf94482b1ae5281611c9dcc
2019-09-05,825.31,,ft,Approved,,2025-03-11T21:18:57.099472+00:00,e9286e10fdf94482b1ae5281611c9dcc
2019-09-06,825.32,,ft,Approved,,2025-03-11T21:18:57.099472+00:00,e9286e10fdf94482b1ae5281611c9dcc
2019-09-07,825.3,,ft,Approved,,2025-03-11T21:18:57.099472+00:00,e9286e10fdf94482b1ae5281611c9dcc
2019-09-08,825.28,,ft,Approved,,2025-03-11T21:18:57.099472+00:00,e9286e10fdf94482b1ae5281611c9dcc
2019-09-09,825.25,,ft,Approved,,2025-03-11T21:18:57.099472+00:00,e9286e10fdf94482b1ae5281611c9dcc
2019-09-10,825.24,,ft,Approved,,2025-03-11T21:18:57.099472+00:00,e9286e10fdf94482b1ae5281611c9dcc
2019-09-11,825.25,,ft,Approved,,2025-03-11T21:18:57.099472+00:00,e9286e10fdf94482b1ae5281611c9dcc
2019-09-12,825.25,,ft,Approved,,2025-03-11T21:18:57.099472+00:00,e9286e10fdf94482b1ae5281611c9dcc
2019-09-13,825.24,,ft,Approved,,2025-03-11T21:18:57.099472+00:00,e9286e10fdf94482b1ae5281611c9dcc
2019-09-14,825.22,,ft,Approved,,2025-03-11T21:18:57.099472+00:00,e9286e10fdf94482b1ae5281611c9dcc
2019-09-15,825.2,,ft,Approved,,2025-03-11T21:18:57.099472+00:00,e9286e10fdf94482b1ae5281611c9dcc
2019-09-16,825.18,,ft,Approved,,2025-03-11T21:18:57.099472+00:00,e9286e10fdf94482b1ae5281611c9dcc
2019-09-17,825.18,,ft,Approved,,2025-03-11T21:18:57.099472+00:00,e9286e10fdf94482b1ae5281611c9dcc
2019-09-18,825.17,,ft,Approved,,2025-03-11T21:18:57.099472+00:00,e9286e10fdf94482b1ae5281611c9dcc
2019-09-19,825.16,,ft,Approved,,2025-03-11T21:18:57.099472+00:00,e9286e10fdf94482b1ae5281611c9dcc
2019-09-20,825.15,,ft,Approved,,2025-03-11T21:18:57.099472+00:00,e9286e10fdf94482b1ae5281611c9dcc
2019-09-21,825.15,,ft,Approved,,2025-03-11T21:18:57.099472+00:00,e9286e10fdf94482b1ae5281611c9dcc
2019-09-22,825.14,,ft,Approved,,2025-03-11T21:18:57.099472+00:00,e9286e10fdf94482b1ae5281611c9dcc
2019-09-23,825.13,,ft,Approved,,2025-03-11T21:18:57.099472+00:00,e9286e10fdf94482b1ae5281611c9dcc
2019-09-24,825.11,,ft,Approved,,2025-03-11T21:18:57.099472+00:00,e9286e10fdf94482b1ae5281611c9dcc
2019-09-25,825.09,,ft,Approved,,2025-03-11T21:18:57.099472+00:00,e9286e10fdf94482b1ae5281611c9dcc
2019-09-26,825.07,,ft,Approved,,2025-03-11T21:18:57.099472+00:00,e9286e10fdf94482b1ae5281611c9dcc
2019-09-27,825.04,,ft,Approved,,2025-03-11T21:18:57.099472+00:00,e9286e10fdf94482b1ae5281611c9dcc
2019-09-28,825.02,,ft,Approved,,2025-03-11T21:18:57.099472+00:00,e9286e10fdf94482b1ae5281611c9dcc
2019-09-29,825.01,,ft,Approved,,2025-03-11T21:18:57.099472+00:00,e9286e10fdf94482b1ae5281611c9dcc
2019-09-30,825.04,,ft,Approved,,2025-03-11T21:18:57.099472+00:00,e9286e10fdf94482b1ae5281611c9dcc
2019-10-01,825.04,,ft,Approved,,2025-03-11T21:18:57.099472+00:00,e9286e10fdf94482b1ae5281611c9dcc
2019-10-02,825.03,,ft,Approved,,2025-03-11T21:18:57.099472+00:00,e9286e10fdf94482b1ae5281611c9dcc
2019-10-03,825.01,,ft,Approved,,2025-03-11T21:18:57.099472+00:00,e9286e10fdf94482b1ae5281611c9dcc
2019-10-04,825.0,,ft,Approved,,2025-03-11T21:18:57.099472+00:00,e9286e10fdf94482b1ae5281611c9dcc
2019-10-05,824.98,,ft,Approved,LESSTHAN;REVISED,2025-03-11T21:18:57.099472+00:00,e9286e10fdf94482b1ae5281611c9dcc
2019-10-06,824.97,,ft,Approved,LESSTHAN;REVISED,2025-03-11T21:18:57.099472+00:00,e9286e10fdf94482b1ae5281611c9dcc
2019-10-07,824.97,,ft,Approved,LESSTHAN;REVISED,2025-03-11T21:18:57.099472+00:00,e9286e10fdf94482b1ae5281611c9dcc
2019-10-08,824.97,,ft,Approved,LESSTHAN;REVISED,2025-03-11T21:18:57.099472+00:00,e9286e10fdf94482b1ae5281611c9dcc
2019-10-09,824.97,,ft,Approved,LESSTHAN;REVISED,2025-03-11T21:18:57.099472+00:00,e9286e10fdf94482b1ae5281611c9dcc
2019-10-10,824.97,,ft,Approved,LESSTHAN;REVISED,2025-03-11T21:18:57.099472+00:00,e9286e10fdf94482b1ae5281611c9dcc
2019-10-11,824.98,,ft,Approved,LESSTHAN;REVISED,2025-03-11T21:18:57.099472+00:00,e9286e10fdf94482b1ae5281611c9dcc
2019-10-12,825.06,,ft,Approved,,2026-01-16T00:01:52.041479+00:00,e9286e10fdf94482b1ae5281611c9dcc
2019-10-13,825.08,,ft,Approved,,2025-03-11T21:18:57.099472+00:00,e9286e10fdf94482b1ae5281611c9dcc
2019-10-14,825.11,,ft,Approved,,2025-03-11T21:18:57.099472+00:00,e9286e10fdf94482b1ae5281611c9dcc
2019-10-15,825.14,,ft,Approved,,2025-03-11T21:18:57.099472+00:00,e9286e10fdf94482b1ae5281611c9dcc
2019-10-16,825.16,,ft,Approved,,2025-03-11T21:18:57.099472+00:00,e9286e10fdf94482b1ae5281611c9dcc
2019-10-17,825.17,,ft,Approved,,2025-03-11T21:18:57.099472+00:00,e9286e10fdf94482b1ae5281611c9dcc
2019-10-18,825.18,,ft,Approved,,2025-03-11T21:18:57.099472+00:00,e9286e10fdf94482b1ae5281611c9dcc
2019-10-19,825.21,,ft,Approved,,2025-03-11T21:18:57.099472+00:00,e9286e10fdf94482b1ae5281611c9dcc
2019-10-20,825.23,,ft,Approved,,2025-03-11T21:18:57.099472+00:00,e9286e10fdf94482b1ae5281611c9dcc
2019-10-21,825.35,,ft,Approved,,2025-03-11T21:18:57.099472+00:00,e9286e10fdf94482b1ae5281611c9dcc
2019-10-22,825.5,,ft,Approved,,2025-03-11T21:18:57.099472+00:00,e9286e10fdf94482b1ae5281611c9dcc
2019-10-23,825.51,,ft,Approved,,2025-03-11T21:18:57.099472+00:00,e9286e10fdf94482b1ae5281611c9dcc
2019-10-24,825.57,,ft,Approved,,2025-03-11T21:18:57.099472+00:00,e9286e10fdf94482b1ae5281611c9dcc
2019-10-25,827.03,,ft,Approved,,2025-03-11T21:18:57.099472+00:00,e9286e10fdf94482b1ae5281611c9dcc
2019-10-26,826.55,,ft,Approved,,2025-03-11T21:18:57.099472+00:00,e9286e10fdf94482b1ae5281611c9dcc
2019-10-27,826.19,,ft,Approved,,2025-03-11T21:18:57.099472+00:00,e9286e10fdf94482b1ae5281611c9dcc
2019-10-28,825.99,,ft,Approved,,2025-03-11T21:18:57.099472+00:00,e9286e10fdf94482b1ae5281611c9dcc
2019-10-29,825.89,,ft,Approved,,2025-03-11T21:18:57.099472+00:00,e9286e10fdf94482b1ae5281611c9dcc
2019-10-30,825.83,,ft,Approved,,2025-03-11T21:18:57.099472+00:00,e9286e10fdf94482b1ae5281611c9dcc
2019-10-31,825.79,,ft,Approved,,2025-03-11T21:18:57.099472+00:00,e9286e10fdf94482b1ae5281611c9dcc
2019-11-01,825.75,,ft,Approved,,2025-03-11T21:18:57.099472+00:00,e9286e10fdf94482b1ae5281611c9dcc
2019-11-02,825.73,,ft,Approved,,2025-03-11T21:18:57.099472+00:00,e9286e10fdf94482b1ae5281611c9dcc
2019-11-03,825.71,,ft,Approved,,2025-03-11T21:18:57.099472+00:00,e9286e10fdf94482b1ae5281611c9dcc
2019-11-04,825.7,,ft,Approved,,2025-03-11T21:18:57.099472+00:00,e9286e10fdf94482b1ae5281611c9dcc
2019-11-05,825.7,,ft,Approved,,2025-03-11T21:18:57.099472+00:00,e9286e10fdf94482b1ae5281611c9dcc
2019-11-06,825.69,,ft,Approved,,2025-03-11T21:18:57.099472+00:00,e9286e10fdf94482b1ae5281611c9dcc
2019-11-07,825.76,,ft,Approved,,2025-03-11T21:18:57.099472+00:00,e9286e10fdf94482b1ae5281611c9dcc
2019-11-08,825.98,,ft,Approved,,2025-03-11T21:18:57.099472+00:00,e9286e10fdf94482b1ae5281611c9dcc
2019-11-09,825.94,,ft,Approved,,2025-03-11T21:18:57.099472+00:00,e9286e10fdf94482b1ae5281611c9dcc
2019-11-10,825.87,,ft,Approved,,2025-03-11T21:18:57.099472+00:00,e9286e10fdf94482b1ae5281611c9dcc
2019-11-11,825.82,,ft,Approved,,2025-03-11T21:18:57.099472+00:00,e9286e10fdf94482b1ae5281611c9dcc
2019-11-12,825.83,,ft,Approved,,2025-03-11T21:18:57.099472+00:00,e9286e10fdf94482b1ae5281611c9dcc
2019-11-13,825.84,,ft,Approved,,2025-03-11T21:18:57.099472+00:00,e9286e10fdf94482b1ae5281611c9dcc
2019-11-14,825.82,,ft,Approved,,2025-03-11T21:18:57.099472+00:00,e9286e10fdf94482b1ae5281611c9dcc
2019-11-15,825.81,,ft,Approved,,2025-03-11T21:18:57.099472+00:00,e9286e10fdf94482b1ae5281611c9dcc
2019-11-16,825.8,,ft,Approved,,2025-03-11T21:18:57.099472+00:00,e9286e10fdf94482b1ae5281611c9dcc
2019-11-17,825.78,,ft,Approved,,2025-03-11T21:18:57.099472+00:00,e9286e10fdf94482b1ae5281611c9dcc
2019-11-18,825.77,,ft,Approved,,2025-03-11T21:18:57.099472+00:00,e9286e10fdf94482b1ae5281611c9dcc
2019-11-19,825.76,,ft,Approved,,2025-03-11T21:18:57.099472+00:00,e9286e10fdf94482b1ae5281611c9dcc
2019-11-20,825.75,,ft,Approved,,2025-03-11T21:18:57.099472+00:00,e9286e10fdf94482b1ae5281611c9dcc
2019-11-21,825.74,,ft,Approved,,2025-03-11T21:18:57.099472+00:00,e9286e10fdf94482b1ae5281611c9dcc
2019-11-22,825.72,,ft,Approved,,2025-03-11T21:18:57.099472+00:00,e9286e10fdf94482b1ae5281611c9dcc
2019-11-23,825.7,,ft,Approved,,2025-03-11T21:18:57.099472+00:00,e9286e10fdf94482b1ae5281611c9dcc
2019-11-24,825.69,,ft,Approved,,2025-03-11T21:18:57.099472+00:00,e9286e10fdf94482b1ae5281611c9dcc
2019-11-25,825.69,,ft,Approved,,2025-03-11T21:18:57.099472+00:00,e9286e10fdf94482b1ae5281611c9dcc
2019-11-26,825.69,,ft,Approved,,2025-03-11T21:18:57.099472+00:00,e9286e10fdf94482b1ae5281611c9dcc
2019-11-27,825.68,,ft,Approved,,2025-03-11T21:18:57.099472+00:00,e9286e10fdf94482b1ae5281611c9dcc
2019-11-28,825.66,,ft,Approved,,2025-03-11T21:18:57.099472+00:00,e9286e10fdf94482b1ae5281611c9dcc
2019-11-29,825.68,,ft,Approved,,2025-03-11T21:18:57.099472+00:00,e9286e10fdf94482b1ae5281611c9dcc
2019-11-30,825.73,,ft,Approved,,2025-03-11T21:18:57.099472+00:00,e9286e10fdf94482b1ae5281611c9dcc
2019-12-01,825.72,,ft,Approved,,2025-03-11T21:18:57.099472+00:00,e9286e10fdf94482b1ae5281611c9dcc
2019-12-02,825.7,,ft,Approved,,2025-03-11T21:18:57.099472+00:00,e9286e10fdf94482b1ae5281611c9dcc
2019-12-03,825.68,,ft,Approved,,2025-03-11T21:18:57.099472+00:00,e9286e10fdf94482b1ae5281611c9dcc
2019-12-04,825.67,,ft,Approved,,2025-03-11T21:18:57.099472+00:00,e9286e10fdf94482b1ae5281611c9dcc
2019-12-05,825.67,,ft,Approved,,2025-03-11T21:18:57.099472+00:00,e9286e10fdf94482b1ae5281611c9dcc
2019-12-06,825.67,,ft,Approved,,2025-03-11T21:18:57.099472+00:00,e9286e10fdf94482b1ae5281611c9dcc
2019-12-07,825.66,,ft,Approved,,2025-03-11T21:18:57.099472+00:00,e9286e10fdf94482b1ae5281611c9dcc
2019-12-08,825.66,,ft,Approved,,2025-03-11T21:18:57.099472+00:00,e9286e10fdf94482b1ae5281611c9dcc
2019-12-09,825.66,,ft,Approved,,2025-03-11T21:18:57.099472+00:00,e9286e10fdf94482b1ae5281611c9dcc
2019-12-10,825.74,,ft,Approved,,2025-03-11T21:18:57.099472+00:00,e9286e10fdf94482b1ae5281611c9dcc
2019-12-11,825.95,,ft,Approved,,2025-03-11T21:18:57.099472+00:00,e9286e10fdf94482b1ae5281611c9dcc
2019-12-12,825.9,,ft,Approved,,2025-03-11T21:18:57.099472+00:00,e9286e10fdf94482b1ae5281611c9dcc
2019-12-13,825.84,,ft,Approved,,2025-03-11T21:18:57.099472+00:00,e9286e10fdf94482b1ae5281611c9dcc
2019-12-14,825.8,,ft,Approved,,2025-03-11T21:18:57.099472+00:00,e9286e10fdf94482b1ae5281611c9dcc
2019-12-15,825.77,,ft,Approved,,2025-03-11T21:18:57.099472+00:00,e9286e10fdf94482b1ae5281611c9dcc
2019-12-16,825.76,,ft,Approved,,2025-03-11T21:18:57.099472+00:00,e9286e10fdf94482b1ae5281611c9dcc
2019-12-17,825.73,,ft,Approved,,2025-03-11T21:18:57.099472+00:00,e9286e10fdf94482b1ae5281611c9dcc
2019-12-18,825.71,,ft,Approved,,2025-03-11T21:18:57.099472+00:00,e9286e10fdf94482b1ae5281611c9dcc
2019-12-19,825.7,,ft,Approved,,2025-03-11T21:18:57.099472+00:00,e9286e10fdf94482b1ae5281611c9dcc
2019-12-20,825.71,,ft,Approved,,2025-03-11T21:18:57.099472+00:00,e9286e10fdf94482b1ae5281611c9dcc
2019-12-21,825.9,,ft,Approved,,2025-03-11T21:18:57.099472+00:00,e9286e10fdf94482b1ae5281611c9dcc
2019-12-22,825.89,,ft,Approved,,2025-03-11T21:18:57.099472+00:00,e9286e10fdf94482b1ae5281611c9dcc
2019-12-23,825.84,,ft,Approved,,2025-03-11T21:18:57.099472+00:00,e9286e10fdf94482b1ae5281611c9dcc
2019-12-24,825.81,,ft,Approved,,2025-03-11T21:18:57.099472+00:00,e9286e10fdf94482b1ae5281611c9dcc
2019-12-25,825.78,,ft,Approved,,2025-03-11T21:18:57.099472+00:00,e9286e10fdf94482b1ae5281611c9dcc
2019-12-26,825.77,,ft,Approved,,2025-03-11T21:18:57.099472+00:00,e9286e10fdf94482b1ae5281611c9dcc
2019-12-27,825.76,,ft,Approved,,2025-03-11T21:18:57.099472+00:00,e9286e10fdf94482b1ae5281611c9dcc
2019-12-28,825.76,,ft,Approved,,2025-03-11T21:18:57.099472+00:00,e9286e10fdf94482b1ae5281611c9dcc
2019-12-29,825.77,,ft,Approved,,2025-03-11T21:18:57.099472+00:00,e9286e10fdf94482b1ae5281611c9dcc
2019-12-30,825.74,,ft,Approved,,2025-03-11T21:18:57.099472+00:00,e9286e10fdf94482b1ae5281611c9dcc
2019-12-31,825.72,,ft,Approved,,2025-03-11T21:18:57.099472+00:00,e9286e10fdf94482b1ae5281611c9dcc
2020-01-01,825.71,,ft,Approved,,2025-03-11T21:18:57.099472+00:00,e9286e10fdf94482b1ae5281611c9dcc
2020-01-02,825.72,,ft,Approved,,2025-03-11T21:18:57.099472+00:00,e9286e10fdf94482b1ae5281611c9dcc
2020-01-03,825.72,,ft,Approved,,2025-03-11T21:18:57.099472+00:00,e9286e10fdf94482b1ae5281611c9dcc
2020-01-04,825.71,,ft,Approved,,2025-03-11T21:18:57.099472+00:00,e9286e10fdf94482b1ae5281611c9dcc
2020-01-05,825.7,,ft,Approved,,2025-03-11T21:18:57.099472+00:00,e9286e10fdf94482b1ae5281611c9dcc
2020-01-06,825.69,,ft,Approved,,2025-03-11T21:18:57.099472+00:00,e9286e10fdf94482b1ae5281611c9dcc
2020-01-07,825.68,,ft,Approved,,2025-03-11T21:18:57.099472+00:00,e9286e10fdf94482b1ae5281611c9dcc
2020-01-08,825.68,,ft,Approved,,2025-03-11T21:18:57.099472+00:00,e9286e10fdf94482b1ae5281611c9dcc
2020-01-09,825.68,,ft,Approved,,2025-03-11T21:18:57.099472+00:00,e9286e10fdf94482b1ae5281611c9dcc
2020-01-10,825.85,,ft,Approved,,2025-03-11T21:18:57.099472+00:00,e9286e10fdf94482b1ae5281611c9dcc
2020-01-11,827.51,,ft,Approved,,2025-03-11T21:18:57.099472+00:00,e9286e10fdf94482b1ae5281611c9dcc
2020-01-12,826.64,,ft,Approved,,2025-03-11T21:18:57.099472+00:00,e9286e10fdf94482b1ae5281611c9dcc
2020-01-13,826.29,,ft,Approved,,2025-03-11T21:18:57.099472+00:00,e9286e10fdf94482b1ae5281611c9dcc
2020-01-14,826.09,,ft,Approved,,2025-03-11T21:18:57.099472+00:00,e9286e10fdf94482b1ae5281611c9dcc
2020-01-15,825.97,,ft,Approved,,2025-03-11T21:18:57.099472+00:00,e9286e10fdf94482b1ae5281611c9dcc
2020-01-16,825.9,,ft,Approved,,2025-03-11T21:18:57.099472+00:00,e9286e10fdf94482b1ae5281611c9dcc
2020-01-17,826.09,,ft,Approved,,2025-03-11T21:18:57.099472+00:00,e9286e10fdf94482b1ae5281611c9dcc
2020-01-18,826.08,,ft,Approved,,2025-03-11T21:18:57.099472+00:00,e9286e10fdf94482b1ae5281611c9dcc
2020-01-19,825.96,,ft,Approved,,2025-03-11T21:18:57.099472+00:00,e9286e10fdf94482b1ae5281611c9dcc
2020-01-20,825.89,,ft,Approved,,2025-03-11T21:18:57.099472+00:00,e9286e10fdf94482b1ae5281611c9dcc
2020-01-21,825.84,,ft,Approved,,2025-03-11T21:18:57.099472+00:00,e9286e10fdf94482b1ae5281611c9dcc
2020-01-22,826.05,,ft,Approved,,2025-03-11T21:18:57.099472+00:00,e9286e10fdf94482b1ae5281611c9dcc
2020-01-23,826.41,,ft,Approved,,2025-03-11T21:18:57.099472+00:00,e9286e10fdf94482b1ae5281611c9dcc
2020-01-24,826.2,,ft,Approved,,2025-03-11T21:18:57.099472+00:00,e9286e10fdf94482b1ae5281611c9dcc
2020-01-25,826.05,,ft,Approved,,2025-03-11T21:18:57.099472+00:00,e9286e10fdf94482b1ae5281611c9dcc
2020-01-26,825.97,,ft,Approved,,2025-03-11T21:18:57.099472+00:00,e9286e10fdf94482b1ae5281611c9dcc
2020-01-27,825.92,,ft,Approved,,2025-03-11T21:18:57.099472+00:00,e9286e10fdf94482b1ae5281611c9dcc
2020-01-28,826.11,,ft,Approved,,2025-03-11T21:18:57.099472+00:00,e9286e10fdf94482b1ae5281611c9dcc
2020-01-29,826.21,,ft,Approved,,2025-03-11T21:18:57.099472+00:00,e9286e10fdf94482b1ae5281611c9dcc
2020-01-30,826.06,,ft,Approved,,2025-03-11T21:18:57.099472+00:00,e9286e10fdf94482b1ae5281611c9dcc
2020-01-31,825.97,,ft,Approved,,2025-03-11T21:18:57.099472+00:00,e9286e10fdf94482b1ae5281611c9dcc
2020-02-01,825.91,,ft,Approved,,2025-03-11T21:18:57.099472+00:00,e9286e10fdf94482b1ae5281611c9dcc
2020-02-02,825.87,,ft,Approved,,2025-03-11T21:18:57.099472+00:00,e9286e10fdf94482b1ae5281611c9dcc
2020-02-03,825.85,,ft,Approved,,2025-03-11T21:18:57.099472+00:00,e9286e10fdf94482b1ae5281611c9dcc
2020-02-04,825.85,,ft,Approved,,2025-03-11T21:18:57.099472+00:00,e9286e10fdf94482b1ae5281611c9dcc
2020-02-05,825.82,,ft,Approved,,2025-03-11T21:18:57.099472+00:00,e9286e10fdf94482b1ae5281611c9dcc
2020-02-06,825.8,,ft,Approved,,2025-03-11T21:18:57.099472+00:00,e9286e10fdf94482b1ae5281611c9dcc
2020-02-07,825.79,,ft,Approved,,2025-03-11T21:18:57.099472+00:00,e9286e10fdf94482b1ae5281611c9dcc
2020-02-08,825.78,,ft,Approved,,2025-03-11T21:18:57.099472+00:00,e9286e10fdf94482b1ae5281611c9dcc
2020-02-09,825.79,,ft,Approved,,2025-03-11T21:18:57.099472+00:00,e9286e10fdf94482b1ae5281611c9dcc
2020-02-10,825.83,,ft,Approved,,2025-03-11T21:18:57.099472+00:00,e9286e10fdf94482b1ae5281611c9dcc
2020-02-11,826.01,,ft,Approved,,2025-03-11T21:18:57.099472+00:00,e9286e10fdf94482b1ae5281611c9dcc
2020-02-12,827.91,,ft,Approved,,2025-03-11T21:18:57.099472+00:00,e9286e10fdf94482b1ae5281611c9dcc
2020-02-13,827.23,,ft,Approved,,2025-03-11T21:18:57.099472+00:00,e9286e10fdf94482b1ae5281611c9dcc
2020-02-14,826.62,,ft,Approved,,2025-03-11T21:18:57.099472+00:00,e9286e10fdf94482b1ae5281611c9dcc
2020-02-15,826.36,,ft,Approved,,2025-03-11T21:18:57.099472+00:00,e9286e10fdf94482b1ae5281611c9dcc
2020-02-16,826.2,,ft,Approved,,2025-03-11T21:18:57.099472+00:00,e9286e10fdf94482b1ae5281611c9dcc
2020-02-17,826.11,,ft,Approved,,2025-03-11T21:18:57.099472+00:00,e9286e10fdf94482b1ae5281611c9dcc
2020-02-18,826.05,,ft,Approved,,2025-03-11T21:18:57.099472+00:00,e9286e10fdf94482b1ae5281611c9dcc
2020-02-19,826.0,,ft,Approved,,2025-03-11T21:18:57.099472+00:00,e9286e10fdf94482b1ae5281611c9dcc
2020-02-20,826.12,,ft,Approved,,2025-03-11T21:18:57.099472+00:00,e9286e10fdf94482b1ae5281611c9dcc
2020-02-21,826.26,,ft,Approved,,2025-03-11T21:18:57.099472+00:00,e9286e10fdf94482b1ae5281611c9dcc
2020-02-22,826.15,,ft,Approved,,2025-03-11T21:18:57.099472+00:00,e9286e10fdf94482b1ae5281611c9dcc
2020-02-23,826.07,,ft,Approved,,2025-03-11T21:18:57.099472+00:00,e9286e10fdf94482b1ae5281611c9dcc
2020-02-24,826.02,,ft,Approved,,2025-03-11T21:18:57.099472+00:00,e9286e10fdf94482b1ae5281611c9dcc
2020-02-25,825.97,,ft,Approved,,2025-03-11T21:18:57.099472+00:00,e9286e10fdf94482b1ae5281611c9dcc
2020-02-26,825.91,,ft,Approved,,2025-03-11T21:18:57.099472+00:00,e9286e10fdf94482b1ae5281611c9dcc
2020-02-27,825.87,,ft,Approved,,2025-03-11T21:18:57.099472+00:00,e9286e10fdf94482b1ae5281611c9dcc
2020-02-28,825.85,,ft,Approved,,2025-03-11T21:18:57.099472+00:00,e9286e10fdf94482b1ae5281611c9dcc
2020-02-29,825.84,,ft,Approved,,2025-03-11T21:18:57.099472+00:00,e9286e10fdf94482b1ae5281611c9dcc
2020-03-01,825.84,,ft,Approved,,2025-03-11T21:18:57.099472+00:00,e9286e10fdf94482b1ae5281611c9dcc
2020-03-02,825.84,,ft,Approved,,2025-03-11T21:18:57.099472+00:00,e9286e10fdf94482b1ae5281611c9dcc
2020-03-03,825.83,,ft,Approved,,2025-03-11T21:18:57.099472+00:00,e9286e10fdf94482b1ae5281611c9dcc
2020-03-04,826.01,,ft,Approved,,2025-03-11T21:18:57.099472+00:00,e9286e10fdf94482b1ae5281611c9dcc
2020-03-05,826.44,,ft,Approved,,2025-03-11T21:18:57.099472+00:00,e9286e10fdf94482b1ae5281611c9dcc
2020-03-06,826.26,,ft,Approved,,2025-03-11T21:18:57.099472+00:00,e9286e10fdf94482b1ae5281611c9dcc
2020-03-07,826.1,,ft,Approved,,2025-03-11T21:18:57.099472+00:00,e9286e10fdf94482b1ae5281611c9dcc
2020-03-08,826.01,,ft,Approved,,2025-03-11T21:18:57.099472+00:00,e9286e10fdf94482b1ae5281611c9dcc
2020-03-09,825.95,,ft,Approved,,2025-03-11T21:18:57.099472+00:00,e9286e10fdf94482b1ae5281611c9dcc
2020-03-10,825.94,,ft,Approved,,2025-03-11T21:18:57.099472+00:00,e9286e10fdf94482b1ae5281611c9dcc
2020-03-11,825.91,,ft,Approved,,2025-03-11T21:18:57.099472+00:00,e9286e10fdf94482b1ae5281611c9dcc
2020-03-12,825.88,,ft,Approved,,2025-03-11T21:18:57.099472+00:00,e9286e10fdf94482b1ae5281611c9dcc
2020-03-13,825.84,,ft,Approved,,2025-03-11T21:18:57.099472+00:00,e9286e10fdf94482b1ae5281611c9dcc
2020-03-14,825.81,,ft,Approved,,2025-03-11T21:18:57.099472+00:00,e9286e10fdf94482b1ae5281611c9dcc
2020-03-15,825.79,,ft,Approved,,2025-03-11T21:18:57.099472+00:00,e9286e10fdf94482b1ae5281611c9dcc
2020-03-16,825.79,,ft,Approved,,2025-03-11T21:18:57.099472+00:00,e9286e10fdf94482b1ae5281611c9dcc
2020-03-17,825.79,,ft,Approved,,2025-03-11T21:18:57.099472+00:00,e9286e10fdf94482b1ae5281611c9dcc
2020-03-18,825.91,,ft,Approved,,2025-03-11T21:18:57.099472+00:00,e9286e10fdf94482b1ae5281611c9dcc
2020-03-19,825.92,,ft,Approved,,2025-03-11T21:18:57.099472+00:00,e9286e10fdf94482b1ae5281611c9dcc
2020-03-20,826.25,,ft,Approved,,2025-03-11T21:18:57.099472+00:00,e9286e10fdf94482b1ae5281611c9dcc
2020-03-21,827.08,,ft,Approved,,2025-03-11T21:18:57.099472+00:00,e9286e10fdf94482b1ae5281611c9dcc
2020-03-22,827.68,,ft,Approved,,2025-03-11T21:18:57.099472+00:00,e9286e10fdf94482b1ae5281611c9dcc
2020-03-23,826.94,,ft,Approved,,2025-03-11T21:18:57.099472+00:00,e9286e10fdf94482b1ae5281611c9dcc
2020-03-24,826.67,,ft,Approved,,2025-03-11T21:18:57.099472+00:00,e9286e10fdf94482b1ae5281611c9dcc
2020-03-25,826.42,,ft,Approved,,2025-03-11T21:18:57.099472+00:00,e9286e10fdf94482b1ae5281611c9dcc
2020-03-26,826.25,,ft,Approved,,2025-03-11T21:18:57.099472+00:00,e9286e10fdf94482b1ae5281611c9dcc
2020-03-27,826.14,,ft,Approved,,2025-03-11T21:18:57.099472+00:00,e9286e10fdf94482b1ae5281611c9dcc
2020-03-28,826.06,,ft,Approved,,2025-03-11T21:18:57.099472+00:00,e9286e10fdf94482b1ae5281611c9dcc
2020-03-29,825.99,,ft,Approved,,2025-03-11T21:18:57.099472+00:00,e9286e10fdf94482b1ae5281611c9dcc
2020-03-30,825.96,,ft,Approved,,2025-03-11T21:18:57.099472+00:00,e9286e10fdf94482b1ae5281611c9dcc
2020-03-31,826.04,,ft,Approved,,2025-03-11T21:18:57.099472+00:00,e9286e10fdf94482b1ae5281611c9dcc
2020-04-01,825.88,,ft,Approved,,2025-03-11T21:18:57.099472+00:00,e9286e10fdf94482b1ae5281611c9dcc
2020-04-02,825.78,,ft,Approved,,2025-03-11T21:18:57.099472+00:00,e9286e10fdf94482b1ae5281611c9dcc
2020-04-03,825.95,,ft,Approved,,2025-03-11T21:18:57.099472+00:00,e9286e10fdf94482b1ae5281611c9dcc
2020-04-04,826.81,,ft,Approved,,2025-03-11T21:18:57.099472+00:00,e9286e10fdf94482b1ae5281611c9dcc
2020-04-05,826.87,,ft,Approved,,2025-03-11T21:18:57.099472+00:00,e9286e10fdf94482b1ae5281611c9dcc
2020-04-06,826.46,,ft,Approved,,2025-03-11T21:18:57.099472+00:00,e9286e10fdf94482b1ae5281611c9dcc
2020-04-07,826.22,,ft,Approved,,2025-03-11T21:18:57.099472+00:00,e9286e10fdf94482b1ae5281611c9dcc
2020-04-08,826.06,,ft,Approved,,2025-03-11T21:18:57.099472+00:00,e9286e10fdf94482b1ae5281611c9dcc
2020-04-09,826.0,,ft,Approved,,2025-03-11T21:18:57.099472+00:00,e9286e10fdf94482b1ae5281611c9dcc
2020-04-10,826.27,,ft,Approved,,2025-03-11T21:18:57.099472+00:00,e9286e10fdf94482b1ae5281611c9dcc
2020-04-11,826.09,,ft,Approved,,2025-03-11T21:18:57.099472+00:00,e9286e10fdf94482b1ae5281611c9dcc
2020-04-12,826.01,,ft,Approved,,2025-03-11T21:18:57.099472+00:00,e9286e10fdf94482b1ae5281611c9dcc
2020-04-13,825.97,,ft,Approved,,2025-03-11T21:18:57.099472+00:00,e9286e10fdf94482b1ae5281611c9dcc
2020-04-14,825.88,,ft,Approved,,2025-03-11T21:18:57.099472+00:00,e9286e10fdf94482b1ae5281611c9dcc
2020-04-15,825.8,,ft,Approved,,2025-03-11T21:18:57.099472+00:00,e9286e10fdf94482b1ae5281611c9dcc
2020-04-16,825.76,,ft,Approved,,2025-03-11T21:18:57.099472+00:00,e9286e10fdf94482b1ae5281611c9dcc
2020-04-17,825.72,,ft,Approved,,2025-03-11T21:18:57.099472+00:00,e9286e10fdf94482b1ae5281611c9dcc
2020-04-18,825.7,,ft,Approved,,2025-03-11T21:18:57.099472+00:00,e9286e10fdf94482b1ae5281611c9dcc
2020-04-19,825.68,,ft,Approved,,2025-03-11T21:18:57.099472+00:00,e9286e10fdf94482b1ae5281611c9dcc
2020-04-20,825.65,,ft,Approved,,2025-03-11T21:18:57.099472+00:00,e9286e10fdf94482b1ae5281611c9dcc
2020-04-21,825.63,,ft,Approved,,2025-03-11T21:18:57.099472+00:00,e9286e10fdf94482b1ae5281611c9dcc
2020-04-22,825.7,,ft,Approved,,2025-03-11T21:18:57.099472+00:00,e9286e10fdf94482b1ae5281611c9dcc
2020-04-23,825.88,,ft,Approved,,2025-03-11T21:18:57.099472+00:00,e9286e10fdf94482b1ae5281611c9dcc
2020-04-24,825.8,,ft,Approved,,2025-03-11T21:18:57.099472+00:00,e9286e10fdf94482b1ae5281611c9dcc
2020-04-25,825.73,,ft,Approved,,2025-03-11T21:18:57.099472+00:00,e9286e10fdf94482b1ae5281611c9dcc
2020-04-26,825.69,,ft,Approved,,2025-03-11T21:18:57.099472+00:00,e9286e10fdf94482b1ae5281611c9dcc
2020-04-27,825.66,,ft,Approved,,2025-03-11T21:18:57.099472+00:00,e9286e10fdf94482b1ae5281611c9dcc
2020-04-28,825.68,,ft,Approved,,2025-03-11T21:18:57.099472+00:00,e9286e10fdf94482b1ae5281611c9dcc
2020-04-29,825.97,,ft,Approved,,2025-03-11T21:18:57.099472+00:00,e9286e10fdf94482b1ae5281611c9dcc
2020-04-30,826.12,,ft,Approved,,2025-03-11T21:18:57.099472+00:00,e9286e10fdf94482b1ae5281611c9dcc
2020-05-01,825.96,,ft,Approved,,2025-03-11T21:18:57.099472+00:00,e9286e10fdf94482b1ae5281611c9dcc
2020-05-02,825.86,,ft,Approved,,2025-03-11T21:18:57.099472+00:00,e9286e10fdf94482b1ae5281611c9dcc
2020-05-03,825.8,,ft,Approved,,2025-03-11T21:18:57.099472+00:00,e9286e10fdf94482b1ae5281611c9dcc
2020-05-04,825.76,,ft,Approved,,2025-03-11T21:18:57.099472+00:00,e9286e10fdf94482b1ae5281611c9dcc
2020-05-05,825.72,,ft,Approved,,2025-03-11T21:18:57.099472+00:00,e9286e10fdf94482b1ae5281611c9dcc
2020-05-06,825.7,,ft,Approved,,2025-03-11T21:18:57.099472+00:00,e9286e10fdf94482b1ae5281611c9dcc
2020-05-07,825.68,,ft,Approved,,2025-03-11T21:18:57.099472+00:00,e9286e10fdf94482b1ae5281611c9dcc
2020-05-08,825.68,,ft,Approved,,2025-03-11T21:18:57.099472+00:00,e9286e10fdf94482b1ae5281611c9dcc
2020-05-09,825.66,,ft,Approved,,2025-03-11T21:18:57.099472+00:00,e9286e10fdf94482b1ae5281611c9dcc
2020-05-10,825.65,,ft,Approved,,2025-03-11T21:18:57.099472+00:00,e9286e10fdf94482b1ae5281611c9dcc
2020-05-11,825.64,,ft,Approved,,2025-03-11T21:18:57.099472+00:00,e9286e10fdf94482b1ae5281611c9dcc
2020-05-12,825.83,,ft,Approved,,2025-03-11T21:18:57.099472+00:00,e9286e10fdf94482b1ae5281611c9dcc
2020-05-13,826.56,,ft,Approved,,2025-03-11T21:18:57.099472+00:00,e9286e10fdf94482b1ae5281611c9dcc
2020-05-14,826.26,,ft,Approved,,2025-03-11T21:18:57.099472+00:00,e9286e10fdf94482b1ae5281611c9dcc
2020-05-15,826.04,,ft,Approved,,2025-03-11T21:18:57.099472+00:00,e9286e10fdf94482b1ae5281611c9dcc
2020-05-16,828.65,,ft,Approved,,2025-03-11T21:18:57.099472+00:00,e9286e10fdf94482b1ae5281611c9dcc
2020-05-17,827.46,,ft,Approved,,2025-03-11T21:18:57.099472+00:00,e9286e10fdf94482b1ae5281611c9dcc
2020-05-18,826.53,,ft,Approved,,2025-03-11T21:18:57.099472+00:00,e9286e10fdf94482b1ae5281611c9dcc
2020-05-19,826.13,,ft,Approved,,2025-03-11T21:18:57.099472+00:00,e9286e10fdf94482b1ae5281611c9dcc
2020-05-20,825.88,,ft,Approved,,2025-03-11T21:18:57.099472+00:00,e9286e10fdf94482b1ae5281611c9dcc
2020-05-21,825.72,,ft,Approved,,2025-03-11T21:18:57.099472+00:00,e9286e10fdf94482b1ae5281611c9dcc
2020-05-22,825.61,,ft,Approved,,2025-03-11T21:18:57.099472+00:00,e9286e10fdf94482b1ae5281611c9dcc
2020-05-23,825.54,,ft,Approved,,2025-03-11T21:18:57.099472+00:00,e9286e10fdf94482b1ae5281611c9dcc
2020-05-24,825.47,,ft,Approved,,2025-03-11T21:18:57.099472+00:00,e9286e10fdf94482b1ae5281611c9dcc
2020-05-25,827.03,,ft,Approved,,2025-03-11T21:18:57.099472+00:00,e9286e10fdf94482b1ae5281611c9dcc
2020-05-26,826.66,,ft,Approved,,2025-03-11T21:18:57.099472+00:00,e9286e10fdf94482b1ae5281611c9dcc
2020-05-27,826.26,,ft,Approved,,2025-03-11T21:18:57.099472+00:00,e9286e10fdf94482b1ae5281611c9dcc
2020-05-28,826.76,,ft,Approved,,2025-03-11T21:18:57.099472+00:00,e9286e10fdf94482b1ae5281611c9dcc
2020-05-29,826.32,,ft,Approved,,2025-03-11T21:18:57.099472+00:00,e9286e10fdf94482b1ae5281611c9dcc
2020-05-30,825.99,,ft,Approved,,2025-03-11T21:18:57.099472+00:00,e9286e10fdf94482b1ae5281611c9dcc
2020-05-31,825.81,,ft,Approved,,2025-03-11T21:18:57.099472+00:00,e9286e10fdf94482b1ae5281611c9dcc
2020-06-01,825.7,,ft,Approved,,2025-03-11T21:18:57.099472+00:00,e9286e10fdf94482b1ae5281611c9dcc
2020-06-02,825.62,,ft,Approved,,2025-03-11T21:18:57.099472+00:00,e9286e10fdf94482b1ae5281611c9dcc
2020-06-03,825.56,,ft,Approved,,2025-03-11T21:18:57.099472+00:00,e9286e10fdf94482b1ae5281611c9dcc
2020-06-04,825.54,,ft,Approved,,2025-03-11T21:18:57.099472+00:00,e9286e10fdf94482b1ae5281611c9dcc
2020-06-05,825.49,,ft,Approved,,2025-03-11T21:18:57.099472+00:00,e9286e10fdf94482b1ae5281611c9dcc
2020-06-06,825.44,,ft,Approved,,2025-03-11T21:18:57.099472+00:00,e9286e10fdf94482b1ae5281611c9dcc
2020-06-07,825.37,,ft,Approved,,2025-03-11T21:18:57.099472+00:00,e9286e10fdf94482b1ae5281611c9dcc
2020-06-08,825.31,,ft,Approved,,2025-03-11T21:18:57.099472+00:00,e9286e10fdf94482b1ae5281611c9dcc
2020-06-09,825.23,,ft,Approved,,2025-03-11T21:18:57.099472+00:00,e9286e10fdf94482b1ae5281611c9dcc
2020-06-10,825.13,,ft,Approved,,2025-03-11T21:18:57.099472+00:00,e9286e10fdf94482b1ae5281611c9dcc
2020-06-11,825.0,,ft,Approved,,2025-03-11T21:18:57.099472+00:00,e9286e10fdf94482b1ae5281611c9dcc
2020-06-12,824.93,,ft,Approved,,2025-03-11T21:18:57.099472+00:00,e9286e10fdf94482b1ae5281611c9dcc
2020-06-13,824.93,,ft,Approved,,2025-03-11T21:18:57.099472+00:00,e9286e10fdf94482b1ae5281611c9dcc
2020-06-14,824.93,,ft,Approved,,2025-03-11T21:18:57.099472+00:00,e9286e10fdf94482b1ae5281611c9dcc
2020-06-15,824.93,,ft,Approved,,2025-03-11T21:18:57.099472+00:00,e9286e10fdf94482b1ae5281611c9dcc
2020-06-16,824.93,,ft,Approved,,2025-03-11T21:18:57.099472+00:00,e9286e10fdf94482b1ae5281611c9dcc
2020-06-17,824.94,,ft,Approved,,2025-03-11T21:18:57.099472+00:00,e9286e10fdf94482b1ae5281611c9dcc
2020-06-18,824.94,,ft,Approved,,2025-03-11T21:18:57.099472+00:00,e9286e10fdf94482b1ae5281611c9dcc
2020-06-19,824.94,,ft,Approved,,2025-03-11T21:18:57.099472+00:00,e9286e10fdf94482b1ae5281611c9dcc
2020-06-20,824.93,,ft,Approved,,2025-03-11T21:18:57.099472+00:00,e9286e10fdf94482b1ae5281611c9dcc
2020-06-21,824.94,,ft,Approved,,2025-03-11T21:18:57.099472+00:00,e9286e10fdf94482b1ae5281611c9dcc
2020-06-22,824.94,,ft,Approved,,2025-03-11T21:18:57.099472+00:00,e9286e10fdf94482b1ae5281611c9dcc
2020-06-23,825.4,,ft,Approved,,2025-03-11T21:18:57.099472+00:00,e9286e10fdf94482b1ae5281611c9dcc
2020-06-24,826.0,,ft,Approved,,2025-03-11T21:18:57.099472+00:00,e9286e10fdf94482b1ae5281611c9dcc
2020-06-25,825.87,,ft,Approved,,2025-03-11T21:18:57.099472+00:00,e9286e10fdf94482b1ae5281611c9dcc
2020-06-26,825.74,,ft,Approved,,2025-03-11T21:18:57.099472+00:00,e9286e10fdf94482b1ae5281611c9dcc
2020-06-27,825.65,,ft,Approved,,2025-03-11T21:18:57.099472+00:00,e9286e10fdf94482b1ae5281611c9dcc
2020-06-28,825.58,,ft,Approved,,2025-03-11T21:18:57.099472+00:00,e9286e10fdf94482b1ae5281611c9dcc
2020-06-29,825.6,,ft,Approved,,2025-03-11T21:18:57.099472+00:00,e9286e10fdf94482b1ae5281611c9dcc
2020-06-30,825.56,,ft,Approved,,2025-03-11T21:18:57.099472+00:00,e9286e10fdf94482b1ae5281611c9dcc
2020-07-01,825.51,,ft,Approved,,2025-03-11T21:18:57.099472+00:00,e9286e10fdf94482b1ae5281611c9dcc
2020-07-02,825.47,,ft,Approved,,2025-03-11T21:18:57.099472+00:00,e9286e10fdf94482b1ae5281611c9dcc
2020-07-03,825.42,,ft,Approved,,2025-03-11T21:18:57.099472+00:00,e9286e10fdf94482b1ae5281611c9dcc
2020-07-04,825.37,,ft,Approved,,2025-03-11T21:18:57.099472+00:00,e9286e10fdf94482b1ae5281611c9dcc
2020-07-05,825.33,,ft,Approved,,2025-03-11T21:18:57.099472+00:00,e9286e10fdf94482b1ae5281611c9dcc
2020-07-06,825.31,,ft,Approved,,2025-03-11T21:18:57.099472+00:00,e9286e10fdf94482b1ae5281611c9dcc
2020-07-07,825.24,,ft,Approved,,2025-03-11T21:18:57.099472+00:00,e9286e10fdf94482b1ae5281611c9dcc
2020-07-08,825.02,,ft,Approved,LESSTHAN,2025-03-11T21:18:57.099472+00:00,e9286e10fdf94482b1ae5281611c9dcc
2020-07-09,824.94,,ft,Approved,LESSTHAN,2025-03-11T21:18:57.099472+00:00,e9286e10fdf94482b1ae5281611c9dcc
2020-07-10,824.94,,ft,Approved,LESSTHAN,2025-03-11T21:18:57.099472+00:00,e9286e10fdf94482b1ae5281611c9dcc
2020-07-11,824.94,,ft,Approved,LESSTHAN,2025-03-11T21:18:57.099472+00:00,e9286e10fdf94482b1ae5281611c9dcc
2020-07-12,824.94,,ft,Approved,LESSTHAN,2025-03-11T21:18:57.099472+00:00,e9286e10fdf94482b1ae5281611c9dcc
2020-07-13,824.94,,ft,Approved,LESSTHAN,2025-03-11T21:18:57.099472+00:00,e9286e10fdf94482b1ae5281611c9dcc
2020-07-14,824.94,,ft,Approved,LESSTHAN,2025-03-11T21:18:57.099472+00:00,e9286e10fdf94482b1ae5281611c9dcc
2020-07-15,824.94,,ft,Approved,LESSTHAN,2025-03-11T21:18:57.099472+00:00,e9286e10fdf94482b1ae5281611c9dcc
2020-07-16,824.94,,ft,Approved,LESSTHAN,2025-03-11T21:18:57.099472+00:00,e9286e10fdf94482b1ae5281611c9dcc
2020-07-17,824.94,,ft,Approved,LESSTHAN,2025-03-11T21:18:57.099472+00:00,e9286e10fdf94482b1ae5281611c9dcc
2020-07-18,824.94,,ft,Approved,LESSTHAN,2025-03-11T21:18:57.099472+00:00,e9286e10fdf94482b1ae5281611c9dcc
2020-07-19,824.94,,ft,Approved,LESSTHAN,2025-03-11T21:18:57.099472+00:00,e9286e10fdf94482b1ae5281611c9dcc
2020-07-20,824.94,,ft,Approved,LESSTHAN,2025-03-11T21:18:57.099472+00:00,e9286e10fdf94482b1ae5281611c9dcc
2020-07-21,824.94,,ft,Approved,LESSTHAN,2025-03-11T21:18:57.099472+00:00,e9286e10fdf94482b1ae5281611c9dcc
2020-07-22,824.94,,ft,Approved,LESSTHAN,2025-03-11T21:18:57.099472+00:00,e9286e10fdf94482b1ae5281611c9dcc
2020-07-23,824.93,,ft,Approved,LESSTHAN,2025-03-11T21:18:57.099472+00:00,e9286e10fdf94482b1ae5281611c9dcc
2020-07-24,824.94,,ft,Approved,LESSTHAN,2025-03-11T21:18:57.099472+00:00,e9286e10fdf94482b1ae5281611c9dcc
2020-07-25,824.93,,ft,Approved,LESSTHAN,2025-03-11T21:18:57.099472+00:00,e9286e10fdf94482b1ae5281611c9dcc
2020-07-26,824.93,,ft,Approved,LESSTHAN,2025-03-11T21:18:57.099472+00:00,e9286e10fdf94482b1ae5281611c9dcc
2020-07-27,824.93,,ft,Approved,LESSTHAN,2025-03-11T21:18:57.099472+00:00,e9286e10fdf94482b1ae5281611c9dcc
2020-07-28,824.93,,ft,Approved,LESSTHAN,2025-03-11T21:18:57.099472+00:00,e9286e10fdf94482b1ae5281611c9dcc
2020-07-29,824.94,,ft,Approved,LESSTHAN,2025-03-11T21:18:57.099472+00:00,e9286e10fdf94482b1ae5281611c9dcc
2020-07-30,824.94,,ft,Approved,LESSTHAN,2025-03-11T21:18:57.099472+00:00,e9286e10fdf94482b1ae5281611c9dcc
2020-07-31,824.93,,ft,Approved,LESSTHAN,2025-03-11T21:18:57.099472+00:00,e9286e10fdf94482b1ae5281611c9dcc
2020-08-01,824.93,,ft,Approved,LESSTHAN,2025-03-11T21:18:57.099472+00:00,e9286e10fdf94482b1ae5281611c9dcc
2020-08-02,824.93,,ft,Approved,LESSTHAN,2025-03-11T21:18:57.099472+00:00,e9286e10fdf94482b1ae5281611c9dcc
2020-08-03,824.93,,ft,Approved,LESSTHAN,2025-03-11T21:18:57.099472+00:00,e9286e10fdf94482b1ae5281611c9dcc
2020-08-04,824.93,,ft,Approved,LESSTHAN,2025-03-11T21:18:57.099472+00:00,e9286e10fdf94482b1ae5281611c9dcc
2020-08-05,824.93,,ft,Approved,LESSTHAN,2025-03-11T21:18:57.099472+00:00,e9286e10fdf94482b1ae5281611c9dcc
2020-08-06,824.94,,ft,Approved,LESSTHAN,2025-03-11T21:18:57.099472+00:00,e9286e10fdf94482b1ae5281611c9dcc
2020-08-07,824.93,,ft,Approved,LESSTHAN,2025-03-11T21:18:57.099472+00:00,e9286e10fdf94482b1ae5281611c9dcc
2020-08-08,824.93,,ft,Approved,LESSTHAN,2025-03-11T21:18:57.099472+00:00,e9286e10fdf94482b1ae5281611c9dcc
2020-08-09,824.94,,ft,Approved,LESSTHAN,2025-03-11T21:18:57.099472+00:00,e9286e10fdf94482b1ae5281611c9dcc
2020-08-10,824.94,,ft,Approved,LESSTHAN,2025-03-11T21:18:57.099472+00:00,e9286e10fdf94482b1ae5281611c9dcc
2020-08-11,824.94,,ft,Approved,LESSTHAN,2025-03-11T21:18:57.099472+00:00,e9286e10fdf94482b1ae5281611c9dcc
2020-08-12,824.94,,ft,Approved,LESSTHAN,2025-03-11T21:18:57.099472+00:00,e9286e10fdf94482b1ae5281611c9dcc
2020-08-13,824.94,,ft,Approved,LESSTHAN,2025-03-11T21:18:57.099472+00:00,e9286e10fdf94482b1ae5281611c9dcc
2020-08-14,824.94,,ft,Approved,LESSTHAN,2025-03-11T21:18:57.099472+00:00,e9286e10fdf94482b1ae5281611c9dcc
2020-08-15,824.93,,ft,Approved,LESSTHAN,2025-03-11T21:18:57.099472+00:00,e9286e10fdf94482b1ae5281611c9dcc
2020-08-16,824.93,,ft,Approved,LESSTHAN,2025-03-11T21:18:57.099472+00:00,e9286e10fdf94482b1ae5281611c9dcc
2020-08-17,824.93,,ft,Approved,LESSTHAN,2025-03-11T21:18:57.099472+00:00,e9286e10fdf94482b1ae5281611c9dcc
2020-08-18,824.93,,ft,Approved,LESSTHAN,2025-03-11T21:18:57.099472+00:00,e9286e10fdf94482b1ae5281611c9dcc
2020-08-19,824.93,,ft,Approved,LESSTHAN,2025-03-11T21:18:57.099472+00:00,e9286e10fdf94482b1ae5281611c9dcc
2020-08-20,824.93,,ft,Approved,LESSTHAN,2025-03-11T21:18:57.099472+00:00,e9286e10fdf94482b1ae5281611c9dcc
2020-08-21,824.93,,ft,Approved,LESSTHAN,2025-03-11T21:18:57.099472+00:00,e9286e10fdf94482b1ae5281611c9dcc
2020-08-22,824.97,,ft,Approved,LESSTHAN,2025-03-11T21:18:57.099472+00:00,e9286e10fdf94482b1ae5281611c9dcc
2020-08-23,825.36,,ft,Approved,,2026-01-16T00:01:52.041479+00:00,e9286e10fdf94482b1ae5281611c9dcc
2020-08-24,825.49,,ft,Approved,,2025-03-11T21:18:57.099472+00:00,e9286e10fdf94482b1ae5281611c9dcc
2020-08-25,825.52,,ft,Approved,,2025-03-11T21:18:57.099472+00:00,e9286e10fdf94482b1ae5281611c9dcc
2020-08-26,825.5,,ft,Approved,,2025-03-11T21:18:57.099472+00:00,e9286e10fdf94482b1ae5281611c9dcc
2020-08-27,825.48,,ft,Approved,,2025-03-11T21:18:57.099472+00:00,e9286e10fdf94482b1ae5281611c9dcc
2020-08-28,825.47,,ft,Approved,,2025-03-11T21:18:57.099472+00:00,e9286e10fdf94482b1ae5281611c9dcc
2020-08-29,825.44,,ft,Approved,,2025-03-11T21:18:57.099472+00:00,e9286e10fdf94482b1ae5281611c9dcc
2020-08-30,825.42,,ft,Approved,,2025-03-11T21:18:57.099472+00:00,e9286e10fdf94482b1ae5281611c9dcc
2020-08-31,825.41,,ft,Approved,,2025-03-11T21:18:57.099472+00:00,e9286e10fdf94482b1ae5281611c9dcc
2020-09-01,825.4,,ft,Approved,,2025-03-11T21:18:57.099472+00:00,e9286e10fdf94482b1ae5281611c9dcc
2020-09-02,825.39,,ft,Approved,,2025-03-11T21:18:57.099472+00:00,e9286e10fdf94482b1ae5281611c9dcc
2020-09-03,825.46,,ft,Approved,,2025-03-11T21:18:57.099472+00:00,e9286e10fdf94482b1ae5281611c9dcc
2020-09-04,826.36,,ft,Approved,,2025-03-11T21:18:57.099472+00:00,e9286e10fdf94482b1ae5281611c9dcc
2020-09-05,826.8,,ft,Approved,,2025-03-11T21:18:57.099472+00:00,e9286e10fdf94482b1ae5281611c9dcc
2020-09-06,826.39,,ft,Approved,,2025-03-11T21:18:57.099472+00:00,e9286e10fdf94482b1ae5281611c9dcc
2020-09-07,826.08,,ft,Approved,,2025-03-11T21:18:57.099472+00:00,e9286e10fdf94482b1ae5281611c9dcc
2020-09-08,825.83,,ft,Approved,,2025-03-11T21:18:57.099472+00:00,e9286e10fdf94482b1ae5281611c9dcc
2020-09-09,826.72,,ft,Approved,,2025-03-11T21:18:57.099472+00:00,e9286e10fdf94482b1ae5281611c9dcc
2020-09-10,827.72,,ft,Approved,,2025-03-11T21:18:57.099472+00:00,e9286e10fdf94482b1ae5281611c9dcc
2020-09-11,826.75,,ft,Approved,,2025-03-11T21:18:57.099472+00:00,e9286e10fdf94482b1ae5281611c9dcc
2020-09-12,826.32,,ft,Approved,,2025-03-11T21:18:57.099472+00:00,e9286e10fdf94482b1ae5281611c9dcc
2020-09-13,826.0,,ft,Approved,,2025-03-11T21:18:57.099472+00:00,e9286e10fdf94482b1ae5281611c9dcc
2020-09-14,825.74,,ft,Approved,,2025-03-11T21:18:57.099472+00:00,e9286e10fdf94482b1ae5281611c9dcc
2020-09-15,825.57,,ft,Approved,,2025-03-11T21:18:57.099472+00:00,e9286e10fdf94482b1ae5281611c9dcc
2020-09-16,825.43,,ft,Approved,,2025-03-11T21:18:57.099472+00:00,e9286e10fdf94482b1ae5281611c9dcc
2020-09-17,825.3,,ft,Approved,,2025-03-11T21:18:57.099472+00:00,e9286e10fdf94482b1ae5281611c9dcc
2020-09-18,825.16,,ft,Approved,,2025-03-11T21:18:57.099472+00:00,e9286e10fdf94482b1ae5281611c9dcc
2020-09-19,825.01,,ft,Approved,,2025-03-11T21:18:57.099472+00:00,e9286e10fdf94482b1ae5281611c9dcc
2020-09-20,824.93,,ft,Approved,,2025-03-11T21:18:57.099472+00:00,e9286e10fdf94482b1ae5281611c9dcc
2020-09-21,824.95,,ft,Approved,,2025-03-11T21:18:57.099472+00:00,e9286e10fdf94482b1ae5281611c9dcc
2020-09-22,825.47,,ft,Approved,,2025-03-11T21:18:57.099472+00:00,e9286e10fdf94482b1ae5281611c9dcc
2020-09-23,825.73,,ft,Approved,,2025-03-11T21:18:57.099472+00:00,e9286e10fdf94482b1ae5281611c9dcc
2020-09-24,825.7,,ft,Approved,,2025-03-11T21:18:57.099472+00:00,e9286e10fdf94482b1ae5281611c9dcc
2020-09-25,825.63,,ft,Approved,,2025-03-11T21:18:57.099472+00:00,e9286e10fdf94482b1ae5281611c9dcc
2020-09-26,825.55,,ft,Approved,,2025-03-11T21:18:57.099472+00:00,e9286e10fdf94482b1ae5281611c9dcc
2020-09-27,825.5,,ft,Approved,,2025-03-11T21:18:57.099472+00:00,e9286e10fdf94482b1ae5281611c9dcc
2020-09-28,825.43,,ft,Approved,,2025-03-11T21:18:57.099472+00:00,e9286e10fdf94482b1ae5281611c9dcc
2020-09-29,825.33,,ft,Approved,,2025-03-11T21:18:57.099472+00:00,e9286e10fdf94482b1ae5281611c9dcc
2020-09-30,825.24,,ft,Approved,,2025-03-11T21:18:57.099472+00:00,e9286e10fdf94482b1ae5281611c9dcc
2020-10-01,825.16,,ft,Approved,,2025-03-11T21:18:57.099472+00:00,e9286e10fdf94482b1ae5281611c9dcc
2020-10-02,825.07,,ft,Approved,,2025-03-11T21:18:57.099472+00:00,e9286e10fdf94482b1ae5281611c9dcc
2020-10-03,824.99,,ft,Approved,,2025-03-11T21:18:57.099472+00:00,e9286e10fdf94482b1ae5281611c9dcc
2020-10-04,824.93,,ft,Approved,LESSTHAN,2025-03-11T21:18:57.099472+00:00,e9286e10fdf94482b1ae5281611c9dcc
2020-10-05,824.93,,ft,Approved,LESSTHAN,2025-03-11T21:18:57.099472+00:00,e9286e10fdf94482b1ae5281611c9dcc
2020-10-06,824.93,,ft,Approved,LESSTHAN,2025-03-11T21:18:57.099472+00:00,e9286e10fdf94482b1ae5281611c9dcc
2020-10-07,824.93,,ft,Approved,LESSTHAN,2025-03-11T21:18:57.099472+00:00,e9286e10fdf94482b1ae5281611c9dcc
2020-10-08,824.93,,ft,Approved,LESSTHAN,2025-03-11T21:18:57.099472+00:00,e9286e10fdf94482b1ae5281611c9dcc
2020-10-09,824.93,,ft,Approved,LESSTHAN,2025-03-11T21:18:57.099472+00:00,e9286e10fdf94482b1ae5281611c9dcc
2020-10-10,824.93,,ft,Approved,LESSTHAN,2025-03-11T21:18:57.099472+00:00,e9286e10fdf94482b1ae5281611c9dcc
2020-10-11,824.93,,ft,Approved,LESSTHAN,2025-03-11T21:18:57.099472+00:00,e9286e10fdf94482b1ae5281611c9dcc
2020-10-12,824.93,,ft,Approved,LESSTHAN,2025-03-11T21:18:57.099472+00:00,e9286e10fdf94482b1ae5281611c9dcc
2020-10-13,824.93,,ft,Approved,LESSTHAN,2025-03-11T21:18:57.099472+00:00,e9286e10fdf94482b1ae5281611c9dcc
2020-10-14,824.93,,ft,Approved,LESSTHAN,2025-03-11T21:18:57.099472+00:00,e9286e10fdf94482b1ae5281611c9dcc
2020-10-15,824.93,,ft,Approved,LESSTHAN,2025-03-11T21:18:57.099472+00:00,e9286e10fdf94482b1ae5281611c9dcc
2020-10-16,824.92,,ft,Approved,LESSTHAN,2025-03-11T21:18:57.099472+00:00,e9286e10fdf94482b1ae5281611c9dcc
2020-10-17,824.92,,ft,Approved,LESSTHAN,2025-03-11T21:18:57.099472+00:00,e9286e10fdf94482b1ae5281611c9dcc
2020-10-18,824.93,,ft,Approved,LESSTHAN,2025-03-11T21:18:57.099472+00:00,e9286e10fdf94482b1ae5281611c9dcc
2020-10-19,824.93,,ft,Approved,LESSTHAN,2025-03-11T21:18:57.099472+00:00,e9286e10fdf94482b1ae5281611c9dcc
2020-10-20,824.93,,ft,Approved,LESSTHAN,2025-03-11T21:18:57.099472+00:00,e9286e10fdf94482b1ae5281611c9dcc
2020-10-21,824.93,,ft,Approved,LESSTHAN,2025-03-11T21:18:57.099472+00:00,e9286e10fdf94482b1ae5281611c9dcc
2020-10-22,824.93,,ft,Approved,LESSTHAN,2025-03-11T21:18:57.099472+00:00,e9286e10fdf94482b1ae5281611c9dcc
2020-10-23,824.93,,ft,Approved,LESSTHAN,2025-03-11T21:18:57.099472+00:00,e9286e10fdf94482b1ae5281611c9dcc
2020-10-24,824.92,,ft,Approved,LESSTHAN,2025-03-11T21:18:57.099472+00:00,e9286e10fdf94482b1ae5281611c9dcc
2020-10-25,824.92,,ft,Approved,LESSTHAN,2025-03-11T21:18:57.099472+00:00,e9286e10fdf94482b1ae5281611c9dcc
2020-10-26,824.92,,ft,Approved,LESSTHAN,2025-03-11T21:18:57.099472+00:00,e9286e10fdf94482b1ae5281611c9dcc
2020-10-27,824.92,,ft,Approved,LESSTHAN,2025-03-11T21:18:57.099472+00:00,e9286e10fdf94482b1ae5281611c9dcc
2020-10-28,824.91,,ft,Approved,LESSTHAN,2025-03-11T21:18:57.099472+00:00,e9286e10fdf94482b1ae5281611c9dcc
2020-10-29,824.92,,ft,Approved,LESSTHAN,2025-03-11T21:18:57.099472+00:00,e9286e10fdf94482b1ae5281611c9dcc
2020-10-30,824.92,,ft,Approved,LESSTHAN,2025-03-11T21:18:57.099472+00:00,e9286e10fdf94482b1ae5281611c9dcc
2020-10-31,824.92,,ft,Approved,LESSTHAN,2025-03-11T21:18:57.099472+00:00,e9286e10fdf94482b1ae5281611c9dcc
2020-11-01,824.92,,ft,Approved,LESSTHAN,2025-03-11T21:18:57.099472+00:00,e9286e10fdf94482b1ae5281611c9dcc
2020-11-02,824.92,,ft,Approved,LESSTHAN,2025-03-11T21:18:57.099472+00:00,e9286e10fdf94482b1ae5281611c9dcc
2020-11-03,824.92,,ft,Approved,LESSTHAN,2025-03-11T21:18:57.099472+00:00,e9286e10fdf94482b1ae5281611c9dcc
2020-11-04,824.92,,ft,Approved,LESSTHAN,2025-03-11T21:18:57.099472+00:00,e9286e10fdf94482b1ae5281611c9dcc
2020-11-05,824.92,,ft,Approved,LESSTHAN,2025-03-11T21:18:57.099472+00:00,e9286e10fdf94482b1ae5281611c9dcc
2020-11-06,824.92,,ft,Approved,LESSTHAN,2025-03-11T21:18:57.099472+00:00,e9286e10fdf94482b1ae5281611c9dcc
2020-11-07,824.92,,ft,Approved,LESSTHAN,2025-03-11T21:18:57.099472+00:00,e9286e10fdf94482b1ae5281611c9dcc
2020-11-08,824.92,,ft,Approved,LESSTHAN,2025-03-11T21:18:57.099472+00:00,e9286e10fdf94482b1ae5281611c9dcc
2020-11-09,824.92,,ft,Approved,LESSTHAN,2025-03-11T21:18:57.099472+00:00,e9286e10fdf94482b1ae5281611c9dcc
2020-11-10,824.93,,ft,Approved,LESSTHAN,2025-03-11T21:18:57.099472+00:00,e9286e10fdf94482b1ae5281611c9dcc
2020-11-11,824.97,,ft,Approved,,2026-01-16T00:01:52.041479+00:00,e9286e10fdf94482b1ae5281611c9dcc
2020-11-12,824.97,,ft,Approved,LESSTHAN,2025-03-11T21:18:57.099472+00:00,e9286e10fdf94482b1ae5281611c9dcc
2020-11-13,824.92,,ft,Approved,LESSTHAN,2025-03-11T21:18:57.099472+00:00,e9286e10fdf94482b1ae5281611c9dcc
2020-11-14,824.93,,ft,Approved,LESSTHAN,2025-03-11T21:18:57.099472+00:00,e9286e10fdf94482b1ae5281611c9dcc
2020-11-15,824.92,,ft,Approved,LESSTHAN,2025-03-11T21:18:57.099472+00:00,e9286e10fdf94482b1ae5281611c9dcc
2020-11-16,824.92,,ft,Approved,LESSTHAN,2025-03-11T21:18:57.099472+00:00,e9286e10fdf94482b1ae5281611c9dcc
2020-11-17,824.92,,ft,Approved,LESSTHAN,2025-03-11T21:18:57.099472+00:00,e9286e10fdf94482b1ae5281611c9dcc
2020-11-18,824.92,,ft,Approved,LESSTHAN,2025-03-11T21:18:57.099472+00:00,e9286e10fdf94482b1ae5281611c9dcc
2020-11-19,824.93,,ft,Approved,LESSTHAN,2025-03-11T21:18:57.099472+00:00,e9286e10fdf94482b1ae5281611c9dcc
2020-11-20,824.93,,ft,Approved,LESSTHAN,2025-03-11T21:18:57.099472+00:00,e9286e10fdf94482b1ae5281611c9dcc
2020-11-21,824.93,,ft,Approved,LESSTHAN,2025-03-11T21:18:57.099472+00:00,e9286e10fdf94482b1ae5281611c9dcc
2020-11-22,824.93,,ft,Approved,LESSTHAN,2025-03-11T21:18:57.099472+00:00,e9286e10fdf94482b1ae5281611c9dcc
2020-11-23,824.92,,ft,Approved,LESSTHAN,2025-03-11T21:18:57.099472+00:00,e9286e10fdf94482b1ae5281611c9dcc
2020-11-24,824.93,,ft,Approved,LESSTHAN,2025-03-11T21:18:57.099472+00:00,e9286e10fdf94482b1ae5281611c9dcc
2020-11-25,824.93,,ft,Approved,LESSTHAN,2025-03-11T21:18:57.099472+00:00,e9286e10fdf94482b1ae5281611c9dcc
2020-11-26,824.93,,ft,Approved,LESSTHAN,2025-03-11T21:18:57.099472+00:00,e9286e10fdf94482b1ae5281611c9dcc
2020-11-27,824.92,,ft,Approved,LESSTHAN,2025-03-11T21:18:57.099472+00:00,e9286e10fdf94482b1ae5281611c9dcc
2020-11-28,824.92,,ft,Approved,LESSTHAN,2025-03-11T21:18:57.099472+00:00,e9286e10fdf94482b1ae5281611c9dcc
2020-11-29,824.92,,ft,Approved,LESSTHAN,2025-03-11T21:18:57.099472+00:00,e9286e10fdf94482b1ae5281611c9dcc
2020-11-30,824.94,,ft,Approved,LESSTHAN,2025-03-11T21:18:57.099472+00:00,e9286e10fdf94482b1ae5281611c9dcc
2020-12-01,824.92,,ft,Approved,LESSTHAN,2025-03-11T21:18:57.099472+00:00,e9286e10fdf94482b1ae5281611c9dcc
2020-12-02,824.92,,ft,Approved,LESSTHAN,2025-03-11T21:18:57.099472+00:00,e9286e10fdf94482b1ae5281611c9dcc
2020-12-03,824.92,,ft,Approved,LESSTHAN,2025-03-11T21:18:57.099472+00:00,e9286e10fdf94482b1ae5281611c9dcc
2020-12-04,824.92,,ft,Approved,LESSTHAN,2025-03-11T21:18:57.099472+00:00,e9286e10fdf94482b1ae5281611c9dcc
2020-12-05,824.92,,ft,Approved,LESSTHAN,2025-03-11T21:18:57.099472+00:00,e9286e10fdf94482b1ae5281611c9dcc
2020-12-06,824.92,,ft,Approved,LESSTHAN,2025-03-11T21:18:57.099472+00:00,e9286e10fdf94482b1ae5281611c9dcc
2020-12-07,824.92,,ft,Approved,LESSTHAN,2025-03-11T21:18:57.099472+00:00,e9286e10fdf94482b1ae5281611c9dcc
2020-12-08,824.92,,ft,Approved,LESSTHAN,2025-03-11T21:18:57.099472+00:00,e9286e10fdf94482b1ae5281611c9dcc
2020-12-09,824.93,,ft,Approved,LESSTHAN,2025-03-11T21:18:57.099472+00:00,e9286e10fdf94482b1ae5281611c9dcc
2020-12-10,824.93,,ft,Approved,LESSTHAN,2025-03-11T21:18:57.099472+00:00,e9286e10fdf94482b1ae5281611c9dcc
2020-12-11,824.93,,ft,Approved,LESSTHAN,2025-03-11T21:18:57.099472+00:00,e9286e10fdf94482b1ae5281611c9dcc
2020-12-12,824.93,,ft,Approved,LESSTHAN,2025-03-11T21:18:57.099472+00:00,e9286e10fdf94482b1ae5281611c9dcc
2020-12-13,824.92,,ft,Approved,LESSTHAN,2025-03-11T21:18:57.099472+00:00,e9286e10fdf94482b1ae5281611c9dcc
2020-12-14,824.92,,ft,Approved,LESSTHAN,2025-03-11T21:18:57.099472+00:00,e9286e10fdf94482b1ae5281611c9dcc
2020-12-15,824.92,,ft,Approved,LESSTHAN,2025-03-11T21:18:57.099472+00:00,e9286e10fdf94482b1ae5281611c9dcc
2020-12-16,824.92,,ft,Approved,LESSTHAN,2025-03-11T21:18:57.099472+00:00,e9286e10fdf94482b1ae5281611c9dcc
2020-12-17,824.93,,ft,Approved,LESSTHAN,2025-03-11T21:18:57.099472+00:00,e9286e10fdf94482b1ae5281611c9dcc
2020-12-18,824.93,,ft,Approved,LESSTHAN,2025-03-11T21:18:57.099472+00:00,e9286e10fdf94482b1ae5281611c9dcc
2020-12-19,825.33,,ft,Approved,LESSTHAN,2025-03-11T21:18:57.099472+00:00,e9286e10fdf94482b1ae5281611c9dcc
2020-12-20,825.99,,ft,Approved,,2026-01-16T00:01:52.041479+00:00,e9286e10fdf94482b1ae5281611c9dcc
2020-12-21,825.8,,ft,Approved,,2025-03-11T21:18:57.099472+00:00,e9286e10fdf94482b1ae5281611c9dcc
2020-12-22,825.65,,ft,Approved,,2025-03-11T21:18:57.099472+00:00,e9286e10fdf94482b1ae5281611c9dcc
2020-12-23,825.54,,ft,Approved,,2025-03-11T21:18:57.099472+00:00,e9286e10fdf94482b1ae5281611c9dcc
2020-12-24,825.45,,ft,Approved,,2025-03-11T21:18:57.099472+00:00,e9286e10fdf94482b1ae5281611c9dcc
2020-12-25,825.44,,ft,Approved,,2025-03-11T21:18:57.099472+00:00,e9286e10fdf94482b1ae5281611c9dcc
2020-12-26,825.45,,ft,Approved,,2025-03-11T21:18:57.099472+00:00,e9286e10fdf94482b1ae5281611c9dcc
2020-12-27,825.46,,ft,Approved,,2025-03-11T21:18:57.099472+00:00,e9286e10fdf94482b1ae5281611c9dcc
2020-12-28,825.46,,ft,Approved,,2025-03-11T21:18:57.099472+00:00,e9286e10fdf94482b1ae5281611c9dcc
2020-12-29,825.46,,ft,Approved,,2025-03-11T21:18:57.099472+00:00,e9286e10fdf94482b1ae5281611c9dcc
2020-12-30,826.05,,ft,Approved,,2025-03-11T21:18:57.099472+00:00,e9286e10fdf94482b1ae5281611c9dcc
2020-12-31,828.33,,ft,Approved,,2025-03-11T21:18:57.099472+00:00,e9286e10fdf94482b1ae5281611c9dcc
2021-01-01,828.68,,ft,Approved,,2025-03-11T21:18:57.099472+00:00,e9286e10fdf94482b1ae5281611c9dcc
2021-01-02,826.86,,ft,Approved,,2025-03-11T21:18:57.099472+00:00,e9286e10fdf94482b1ae5281611c9dcc
2021-01-03,826.18,,ft,Approved,,2025-03-11T21:18:57.099472+00:00,e9286e10fdf94482b1ae5281611c9dcc
2021-01-04,825.86,,ft,Approved,,2025-03-11T21:18:57.099472+00:00,e9286e10fdf94482b1ae5281611c9dcc
2021-01-05,825.71,,ft,Approved,,2025-03-11T21:18:57.099472+00:00,e9286e10fdf94482b1ae5281611c9dcc
2021-01-06,825.61,,ft,Approved,,2025-03-11T21:18:57.099472+00:00,e9286e10fdf94482b1ae5281611c9dcc
2021-01-07,825.52,,ft,Approved,,2025-03-11T21:18:57.099472+00:00,e9286e10fdf94482b1ae5281611c9dcc
2021-01-08,825.43,,ft,Approved,,2025-03-11T21:18:57.099472+00:00,e9286e10fdf94482b1ae5281611c9dcc
2021-01-09,825.37,,ft,Approved,,2025-03-11T21:18:57.099472+00:00,e9286e10fdf94482b1ae5281611c9dcc
2021-01-10,825.5,,ft,Approved,,2025-03-11T21:18:57.099472+00:00,e9286e10fdf94482b1ae5281611c9dcc
2021-01-11,826.05,,ft,Approved,,2025-03-11T21:18:57.099472+00:00,e9286e10fdf94482b1ae5281611c9dcc
2021-01-12,825.94,,ft,Approved,,2025-03-11T21:18:57.099472+00:00,e9286e10fdf94482b1ae5281611c9dcc
2021-01-13,825.77,,ft,Approved,,2025-03-11T21:18:57.099472+00:00,e9286e10fdf94482b1ae5281611c9dcc
2021-01-14,825.64,,ft,Approved,,2025-03-11T21:18:57.099472+00:00,e9286e10fdf94482b1ae5281611c9dcc
2021-01-15,825.54,,ft,Approved,,2025-03-11T21:18:57.099472+00:00,e9286e10fdf94482b1ae5281611c9dcc
2021-01-16,825.45,,ft,Approved,,2025-03-11T21:18:57.099472+00:00,e9286e10fdf94482b1ae5281611c9dcc
2021-01-17,825.39,,ft,Approved,,2025-03-11T21:18:57.099472+00:00,e9286e10fdf94482b1ae5281611c9dcc
2021-01-18,825.32,,ft,Approved,,2025-03-11T21:18:57.099472+00:00,e9286e10fdf94482b1ae5281611c9dcc
2021-01-19,825.28,,ft,Approved,,2025-03-11T21:18:57.099472+00:00,e9286e10fdf94482b1ae5281611c9dcc
2021-01-20,825.28,,ft,Approved,,2025-03-11T21:18:57.099472+00:00,e9286e10fdf94482b1ae5281611c9dcc
2021-01-21,825.27,,ft,Approved,,2025-03-11T21:18:57.099472+00:00,e9286e10fdf94482b1ae5281611c9dcc
2021-01-22,825.25,,ft,Approved,,2025-03-11T21:18:57.099472+00:00,e9286e10fdf94482b1ae5281611c9dcc
2021-01-23,825.24,,ft,Approved,,2025-03-11T21:18:57.099472+00:00,e9286e10fdf94482b1ae5281611c9dcc
2021-01-24,825.23,,ft,Approved,,2025-03-11T21:18:57.099472+00:00,e9286e10fdf94482b1ae5281611c9dcc
2021-01-25,825.28,,ft,Approved,,2025-03-11T21:18:57.099472+00:00,e9286e10fdf94482b1ae5281611c9dcc
2021-01-26,825.31,,ft,Approved,,2025-03-11T21:18:57.099472+00:00,e9286e10fdf94482b1ae5281611c9dcc
2021-01-27,825.28,,ft,Approved,,2025-03-11T21:18:57.099472+00:00,e9286e10fdf94482b1ae5281611c9dcc
2021-01-28,825.24,,ft,Approved,,2025-03-11T21:18:57.099472+00:00,e9286e10fdf94482b1ae5281611c9dcc
2021-01-29,825.21,,ft,Approved,,2025-03-11T21:18:57.099472+00:00,e9286e10fdf94482b1ae5281611c9dcc
2021-01-30,825.21,,ft,Approved,,2025-03-11T21:18:57.099472+00:00,e9286e10fdf94482b1ae5281611c9dcc
2021-01-31,825.26,,ft,Approved,,2025-03-11T21:18:57.099472+00:00,e9286e10fdf94482b1ae5281611c9dcc
2021-02-01,825.34,,ft,Approved,,2025-03-11T21:18:57.099472+00:00,e9286e10fdf94482b1ae5281611c9dcc
2021-02-02,825.4,,ft,Approved,,2025-03-11T21:18:57.099472+00:00,e9286e10fdf94482b1ae5281611c9dcc
2021-02-03,825.46,,ft,Approved,,2025-03-11T21:18:57.099472+00:00,e9286e10fdf94482b1ae5281611c9dcc
2021-02-04,825.49,,ft,Approved,,2025-03-11T21:18:57.099472+00:00,e9286e10fdf94482b1ae5281611c9dcc
2021-02-05,825.54,,ft,Approved,,2025-03-11T21:18:57.099472+00:00,e9286e10fdf94482b1ae5281611c9dcc
2021-02-06,825.65,,ft,Approved,,2025-03-11T21:18:57.099472+00:00,e9286e10fdf94482b1ae5281611c9dcc
2021-02-07,825.63,,ft,Approved,,2025-03-11T21:18:57.099472+00:00,e9286e10fdf94482b1ae5281611c9dcc
2021-02-08,825.59,,ft,Approved,,2025-03-11T21:18:57.099472+00:00,e9286e10fdf94482b1ae5281611c9dcc
2021-02-09,825.55,,ft,Approved,,2025-03-11T21:18:57.099472+00:00,e9286e10fdf94482b1ae5281611c9dcc
2021-02-10,825.53,,ft,Approved,,2025-03-11T21:18:57.099472+00:00,e9286e10fdf94482b1ae5281611c9dcc
2021-02-11,825.79,,ft,Approved,,2025-03-11T21:18:57.099472+00:00,e9286e10fdf94482b1ae5281611c9dcc
2021-02-12,826.43,,ft,Approved,,2025-03-11T21:18:57.099472+00:00,e9286e10fdf94482b1ae5281611c9dcc
2021-02-13,826.12,,ft,Approved,,2025-03-11T21:18:57.099472+00:00,e9286e10fdf94482b1ae5281611c9dcc
2021-02-14,825.92,,ft,Approved,,2025-03-11T21:18:57.099472+00:00,e9286e10fdf94482b1ae5281611c9dcc
2021-02-15,825.83,,ft,Approved,,2025-03-11T21:18:57.099472+00:00,e9286e10fdf94482b1ae5281611c9dcc
2021-02-16,825.76,,ft,Approved,,2025-03-11T21:18:57.099472+00:00,e9286e10fdf94482b1ae5281611c9dcc
2021-02-17,825.89,,ft,Approved,,2025-03-11T21:18:57.099472+00:00,e9286e10fdf94482b1ae5281611c9dcc
2021-02-18,826.11,,ft,Approved,,2025-03-11T21:18:57.099472+00:00,e9286e10fdf94482b1ae5281611c9dcc
2021-02-19,826.05,,ft,Approved,,2025-03-11T21:18:57.099472+00:00,e9286e10fdf94482b1ae5281611c9dcc
2021-02-20,826.16,,ft,Approved,,2025-03-11T21:18:57.099472+00:00,e9286e10fdf94482b1ae5281611c9dcc
2021-02-21,826.11,,ft,Approved,,2025-03-11T21:18:57.099472+00:00,e9286e10fdf94482b1ae5281611c9dcc
2021-02-22,826.01,,ft,Approved,,2025-03-11T21:18:57.099472+00:00,e9286e10fdf94482b1ae5281611c9dcc
2021-02-23,825.94,,ft,Approved,,2025-03-11T21:18:57.099472+00:00,e9286e10fdf94482b1ae5281611c9dcc
2021-02-24,825.89,,ft,Approved,,2025-03-11T21:18:57.099472+00:00,e9286e10fdf94482b1ae5281611c9dcc
2021-02-25,825.84,,ft,Approved,,2025-03-11T21:18:57.099472+00:00,e9286e10fdf94482b1ae5281611c9dcc
2021-02-26,825.82,,ft,Approved,,2025-03-11T21:18:57.099472+00:00,e9286e10fdf94482b1ae5281611c9dcc
2021-02-27,825.81,,ft,Approved,,2025-03-11T21:18:57.099472+00:00,e9286e10fdf94482b1ae5281611c9dcc
2021-02-28,825.8,,ft,Approved,,2025-03-11T21:18:57.099472+00:00,e9286e10fdf94482b1ae5281611c9dcc
2021-03-01,825.8,,ft,Approved,,2025-03-11T21:18:57.099472+00:00,e9286e10fdf94482b1ae5281611c9dcc
2021-03-02,825.81,,ft,Approved,,2025-03-11T21:18:57.099472+00:00,e9286e10fdf94482b1ae5281611c9dcc
2021-03-03,825.78,,ft,Approved,,2025-03-11T21:18:57.099472+00:00,e9286e10fdf94482b1ae5281611c9dcc
2021-03-04,825.76,,ft,Approved,,2025-03-11T21:18:57.099472+00:00,e9286e10fdf94482b1ae5281611c9dcc
2021-03-05,825.75,,ft,Approved,,2025-03-11T21:18:57.099472+00:00,e9286e10fdf94482b1ae5281611c9dcc
2021-03-06,825.63,,ft,Approved,,2025-03-11T21:18:57.099472+00:00,e9286e10fdf94482b1ae5281611c9dcc
2021-03-07,825.09,,ft,Approved,,2025-03-11T21:18:57.099472+00:00,e9286e10fdf94482b1ae5281611c9dcc
2021-03-08,824.93,,ft,Approved,LESSTHAN,2025-03-11T21:18:57.099472+00:00,e9286e10fdf94482b1ae5281611c9dcc
2021-03-09,824.93,,ft,Approved,LESSTHAN,2025-03-11T21:18:57.099472+00:00,e9286e10fdf94482b1ae5281611c9dcc
2021-03-10,824.94,,ft,Approved,LESSTHAN,2025-03-11T21:18:57.099472+00:00,e9286e10fdf94482b1ae5281611c9dcc
2021-03-11,824.94,,ft,Approved,LESSTHAN,2025-03-11T21:18:57.099472+00:00,e9286e10fdf94482b1ae5281611c9dcc
2021-03-12,824.93,,ft,Approved,LESSTHAN,2025-03-11T21:18:57.099472+00:00,e9286e10fdf94482b1ae5281611c9dcc
2021-03-13,824.93,,ft,Approved,LESSTHAN,2025-03-11T21:18:57.099472+00:00,e9286e10fdf94482b1ae5281611c9dcc
2021-03-14,824.93,,ft,Approved,LESSTHAN,2025-03-11T21:18:57.099472+00:00,e9286e10fdf94482b1ae5281611c9dcc
2021-03-15,824.93,,ft,Approved,LESSTHAN,2025-03-11T21:18:57.099472+00:00,e9286e10fdf94482b1ae5281611c9dcc
2021-03-16,824.94,,ft,Approved,LESSTHAN,2025-03-11T21:18:57.099472+00:00,e9286e10fdf94482b1ae5281611c9dcc
2021-03-17,824.93,,ft,Approved,LESSTHAN,2025-03-11T21:18:57.099472+00:00,e9286e10fdf94482b1ae5281611c9dcc
2021-03-18,824.93,,ft,Approved,LESSTHAN,2025-03-11T21:18:57.099472+00:00,e9286e10fdf94482b1ae5281611c9dcc
2021-03-19,824.93,,ft,Approved,LESSTHAN,2025-03-11T21:18:57.099472+00:00,e9286e10fdf94482b1ae5281611c9dcc
2021-03-20,824.93,,ft,Approved,LESSTHAN,2025-03-11T21:18:57.099472+00:00,e9286e10fdf94482b1ae5281611c9dcc
2021-03-21,824.93,,ft,Approved,LESSTHAN,2025-03-11T21:18:57.099472+00:00,e9286e10fdf94482b1ae5281611c9dcc
2021-03-22,824.93,,ft,Approved,LESSTHAN,2025-03-11T21:18:57.099472+00:00,e9286e10fdf94482b1ae5281611c9dcc
2021-03-23,825.38,,ft,Approved,LESSTHAN,2025-03-11T21:18:57.099472+00:00,e9286e10fdf94482b1ae5281611c9dcc
2021-03-24,825.57,,ft,Approved,,2026-01-16T00:01:52.041479+00:00,e9286e10fdf94482b1ae5281611c9dcc
2021-03-25,825.3,,ft,Approved,,2025-03-11T21:18:57.099472+00:00,e9286e10fdf94482b1ae5281611c9dcc
2021-03-26,825.52,,ft,Approved,,2025-03-11T21:18:57.099472+00:00,e9286e10fdf94482b1ae5281611c9dcc
2021-03-27,825.62,,ft,Approved,,2025-03-11T21:18:57.099472+00:00,e9286e10fdf94482b1ae5281611c9dcc
2021-03-28,825.63,,ft,Approved,,2025-03-11T21:18:57.099472+00:00,e9286e10fdf94482b1ae5281611c9dcc
2021-03-29,825.61,,ft,Approved,,2025-03-11T21:18:57.099472+00:00,e9286e10fdf94482b1ae5281611c9dcc
2021-03-30,825.62,,ft,Approved,,2025-03-11T21:18:57.099472+00:00,e9286e10fdf94482b1ae5281611c9dcc
2021-03-31,825.61,,ft,Approved,,2025-03-11T21:18:57.099472+00:00,e9286e10fdf94482b1ae5281611c9dcc
2021-04-01,825.3,,ft,Approved,LESSTHAN,2025-03-11T21:18:57.099472+00:00,e9286e10fdf94482b1ae5281611c9dcc
2021-04-02,824.93,,ft,Approved,LESSTHAN,2025-03-11T21:18:57.099472+00:00,e9286e10fdf94482b1ae5281611c9dcc
2021-04-03,824.93,,ft,Approved,LESSTHAN,2025-03-11T21:18:57.099472+00:00,e9286e10fdf94482b1ae5281611c9dcc
2021-04-04,824.93,,ft,Approved,LESSTHAN,2025-03-11T21:18:57.099472+00:00,e9286e10fdf94482b1ae5281611c9dcc
2021-04-05,824.93,,ft,Approved,LESSTHAN,2025-03-11T21:18:57.099472+00:00,e9286e10fdf94482b1ae5281611c9dcc
2021-04-06,824.94,,ft,Approved,LESSTHAN,2025-03-11T21:18:57.099472+00:00,e9286e10fdf94482b1ae5281611c9dcc
2021-04-07,824.94,,ft,Approved,LESSTHAN,2025-03-11T21:18:57.099472+00:00,e9286e10fdf94482b1ae5281611c9dcc
2021-04-08,824.94,,ft,Approved,LESSTHAN,2025-03-11T21:18:57.099472+00:00,e9286e10fdf94482b1ae5281611c9dcc
2021-04-09,824.94,,ft,Approved,LESSTHAN,2025-03-11T21:18:57.099472+00:00,e9286e10fdf94482b1ae5281611c9dcc
2021-04-10,824.94,,ft,Approved,LESSTHAN,2025-03-11T21:18:57.099472+00:00,e9286e10fdf94482b1ae5281611c9dcc
2021-04-11,824.94,,ft,Approved,LESSTHAN,2025-03-11T21:18:57.099472+00:00,e9286e10fdf94482b1ae5281611c9dcc
2021-04-12,824.94,,ft,Approved,LESSTHAN,2025-03-11T21:18:57.099472+00:00,e9286e10fdf94482b1ae5281611c9dcc
2021-04-13,824.94,,ft,Approved,LESSTHAN,2025-03-11T21:18:57.099472+00:00,e9286e10fdf94482b1ae5281611c9dcc
2021-04-14,824.93,,ft,Approved,LESSTHAN,2025-03-11T21:18:57.099472+00:00,e9286e10fdf94482b1ae5281611c9dcc
2021-04-15,824.93,,ft,Approved,LESSTHAN,2025-03-11T21:18:57.099472+00:00,e9286e10fdf94482b1ae5281611c9dcc
2021-04-16,824.93,,ft,Approved,LESSTHAN,2025-03-11T21:18:57.099472+00:00,e9286e10fdf94482b1ae5281611c9dcc
2021-04-17,824.93,,ft,Approved,LESSTHAN,2025-03-11T21:18:57.099472+00:00,e9286e10fdf94482b1ae5281611c9dcc
2021-04-18,824.93,,ft,Approved,LESSTHAN,2025-03-11T21:18:57.099472+00:00,e9286e10fdf94482b1ae5281611c9dcc
2021-04-19,824.93,,ft,Approved,LESSTHAN,2025-03-11T21:18:57.099472+00:00,e9286e10fdf94482b1ae5281611c9dcc
2021-04-20,824.93,,ft,Approved,LESSTHAN,2025-03-11T21:18:57.099472+00:00,e9286e10fdf94482b1ae5281611c9dcc
2021-04-21,824.93,,ft,Approved,LESSTHAN,2025-03-11T21:18:57.099472+00:00,e9286e10fdf94482b1ae5281611c9dcc
2021-04-22,824.93,,ft,Approved,LESSTHAN,2025-03-11T21:18:57.099472+00:00,e9286e10fdf94482b1ae5281611c9dcc
2021-04-23,824.93,,ft,Approved,LESSTHAN,2025-03-11T21:18:57.099472+00:00,e9286e10fdf94482b1ae5281611c9dcc
2021-04-24,824.98,,ft,Approved,LESSTHAN,2025-03-11T21:18:57.099472+00:00,e9286e10fdf94482b1ae5281611c9dcc
2021-04-25,825.15,,ft,Approved,,2026-01-16T00:01:52.041479+00:00,e9286e10fdf94482b1ae5281611c9dcc
2021-04-26,825.27,,ft,Approved,,2025-03-11T21:18:57.099472+00:00,e9286e10fdf94482b1ae5281611c9dcc
2021-04-27,825.37,,ft,Approved,,2025-03-11T21:18:57.099472+00:00,e9286e10fdf94482b1ae5281611c9dcc
2021-04-28,825.46,,ft,Approved,,2025-03-11T21:18:57.099472+00:00,e9286e10fdf94482b1ae5281611c9dcc
2021-04-29,825.65,,ft,Approved,,2025-03-11T21:18:57.099472+00:00,e9286e10fdf94482b1ae5281611c9dcc
2021-04-30,826.08,,ft,Approved,,2025-03-11T21:18:57.099472+00:00,e9286e10fdf94482b1ae5281611c9dcc
2021-05-01,828.9,,ft,Approved,,2025-03-11T21:18:57.099472+00:00,e9286e10fdf94482b1ae5281611c9dcc
2021-05-02,833.47,,ft,Approved,,2025-03-11T21:18:57.099472+00:00,e9286e10fdf94482b1ae5281611c9dcc
2021-05-03,832.53,,ft,Approved,,2025-03-11T21:18:57.099472+00:00,e9286e10fdf94482b1ae5281611c9dcc
2021-05-04,831.09,,ft,Approved,,2025-03-11T21:18:57.099472+00:00,e9286e10fdf94482b1ae5281611c9dcc
2021-05-05,829.23,,ft,Approved,,2025-03-11T21:18:57.099472+00:00,e9286e10fdf94482b1ae5281611c9dcc
2021-05-06,827.2,,ft,Approved,,2025-03-11T21:18:57.099472+00:00,e9286e10fdf94482b1ae5281611c9dcc
2021-05-07,826.38,,ft,Approved,,2025-03-11T21:18:57.099472+00:00,e9286e10fdf94482b1ae5281611c9dcc
2021-05-08,826.1,,ft,Approved,,2025-03-11T21:18:57.099472+00:00,e9286e10fdf94482b1ae5281611c9dcc
2021-05-09,825.98,,ft,Approved,,2025-03-11T21:18:57.099472+00:00,e9286e10fdf94482b1ae5281611c9dcc
2021-05-10,825.91,,ft,Approved,,2025-03-11T21:18:57.099472+00:00,e9286e10fdf94482b1ae5281611c9dcc
2021-05-11,825.87,,ft,Approved,,2025-03-11T21:18:57.099472+00:00,e9286e10fdf94482b1ae5281611c9dcc
2021-05-12,825.86,,ft,Approved,,2025-03-11T21:18:57.099472+00:00,e9286e10fdf94482b1ae5281611c9dcc
2021-05-13,825.82,,ft,Approved,,2025-03-11T21:18:57.099472+00:00,e9286e10fdf94482b1ae5281611c9dcc
2021-05-14,825.8,,ft,Approved,,2025-03-11T21:18:57.099472+00:00,e9286e10fdf94482b1ae5281611c9dcc
2021-05-15,825.77,,ft,Approved,,2025-03-11T21:18:57.099472+00:00,e9286e10fdf94482b1ae5281611c9dcc
2021-05-16,826.0,,ft,Approved,,2025-03-11T21:18:57.099472+00:00,e9286e10fdf94482b1ae5281611c9dcc
2021-05-17,826.38,,ft,Approved,,2025-03-11T21:18:57.099472+00:00,e9286e10fdf94482b1ae5281611c9dcc
2021-05-18,826.41,,ft,Approved,,2025-03-11T21:18:57.099472+00:00,e9286e10fdf94482b1ae5281611c9dcc
2021-05-19,826.25,,ft,Approved,,2025-03-11T21:18:57.099472+00:00,e9286e10fdf94482b1ae5281611c9dcc
2021-05-20,826.09,,ft,Approved,,2025-03-11T21:18:57.099472+00:00,e9286e10fdf94482b1ae5281611c9dcc
2021-05-21,825.97,,ft,Approved,,2025-03-11T21:18:57.099472+00:00,e9286e10fdf94482b1ae5281611c9dcc
2021-05-22,826.18,,ft,Approved,,2025-03-11T21:18:57.099472+00:00,e9286e10fdf94482b1ae5281611c9dcc
2021-05-23,826.74,,ft,Approved,,2025-03-11T21:18:57.099472+00:00,e9286e10fdf94482b1ae5281611c9dcc
2021-05-24,826.56,,ft,Approved,,2025-03-11T21:18:57.099472+00:00,e9286e10fdf94482b1ae5281611c9dcc
2021-05-25,826.65,,ft,Approved,,2025-03-11T21:18:57.099472+00:00,e9286e10fdf94482b1ae5281611c9dcc
2021-05-26,826.4,,ft,Approved,,2025-03-11T21:18:57.099472+00:00,e9286e10fdf94482b1ae5281611c9dcc
2021-05-27,826.22,,ft,Approved,,2025-03-11T21:18:57.099472+00:00,e9286e10fdf94482b1ae5281611c9dcc
2021-05-28,826.52,,ft,Approved,,2025-03-11T21:18:57.099472+00:00,e9286e10fdf94482b1ae5281611c9dcc
2021-05-29,828.51,,ft,Approved,,2025-03-11T21:18:57.099472+00:00,e9286e10fdf94482b1ae5281611c9dcc
2021-05-30,827.15,,ft,Approved,,2025-03-11T21:18:57.099472+00:00,e9286e10fdf94482b1ae5281611c9dcc
2021-05-31,826.68,,ft,Approved,,2025-03-11T21:18:57.099472+00:00,e9286e10fdf94482b1ae5281611c9dcc
2021-06-01,828.15,,ft,Approved,,2025-03-11T21:18:57.099472+00:00,e9286e10fdf94482b1ae5281611c9dcc
2021-06-02,827.27,,ft,Approved,,2025-03-11T21:18:57.099472+00:00,e9286e10fdf94482b1ae5281611c9dcc
2021-06-03,827.45,,ft,Approved,,2025-03-11T21:18:57.099472+00:00,e9286e10fdf94482b1ae5281611c9dcc
2021-06-04,827.14,,ft,Approved,,2025-03-11T21:18:57.099472+00:00,e9286e10fdf94482b1ae5281611c9dcc
2021-06-05,826.8,,ft,Approved,,2025-03-11T21:18:57.099472+00:00,e9286e10fdf94482b1ae5281611c9dcc
2021-06-06,826.6,,ft,Approved,,2025-03-11T21:18:57.099472+00:00,e9286e10fdf94482b1ae5281611c9dcc
2021-06-07,826.49,,ft,Approved,,2025-03-11T21:18:57.099472+00:00,e9286e10fdf94482b1ae5281611c9dcc
2021-06-08,826.76,,ft,Approved,,2025-03-11T21:18:57.099472+00:00,e9286e10fdf94482b1ae5281611c9dcc
2021-06-09,826.96,,ft,Approved,,2025-03-11T21:18:57.099472+00:00,e9286e10fdf94482b1ae5281611c9dcc
2021-06-10,827.05,,ft,Approved,,2025-03-11T21:18:57.099472+00:00,e9286e10fdf94482b1ae5281611c9dcc
2021-06-11,826.97,,ft,Approved,,2025-03-11T21:18:57.099472+00:00,e9286e10fdf94482b1ae5281611c9dcc
2021-06-12,826.45,,ft,Approved,,2025-03-11T21:18:57.099472+00:00,e9286e10fdf94482b1ae5281611c9dcc
2021-06-13,826.16,,ft,Approved,,2025-03-11T21:18:57.099472+00:00,e9286e10fdf94482b1ae5281611c9dcc
2021-06-14,826.01,,ft,Approved,,2025-03-11T21:18:57.099472+00:00,e9286e10fdf94482b1ae5281611c9dcc
2021-06-15,825.92,,ft,Approved,,2025-03-11T21:18:57.099472+00:00,e9286e10fdf94482b1ae5281611c9dcc
2021-06-16,825.87,,ft,Approved,,2025-03-11T21:18:57.099472+00:00,e9286e10fdf94482b1ae5281611c9dcc
2021-06-17,825.87,,ft,Approved,,2025-03-11T21:18:57.099472+00:00,e9286e10fdf94482b1ae5281611c9dcc
2021-06-18,825.72,,ft,Approved,,2025-03-11T21:18:57.099472+00:00,e9286e10fdf94482b1ae5281611c9dcc
2021-06-19,825.55,,ft,Approved,,2025-03-11T21:18:57.099472+00:00,e9286e10fdf94482b1ae5281611c9dcc
2021-06-20,825.41,,ft,Approved,,2025-03-11T21:18:57.099472+00:00,e9286e10fdf94482b1ae5281611c9dcc
2021-06-21,825.31,,ft,Approved,,2025-03-11T21:18:57.099472+00:00,e9286e10fdf94482b1ae5281611c9dcc
2021-06-22,825.38,,ft,Approved,,2025-03-11T21:18:57.099472+00:00,e9286e10fdf94482b1ae5281611c9dcc
2021-06-23,825.42,,ft,Approved,,2025-03-11T21:18:57.099472+00:00,e9286e10fdf94482b1ae5281611c9dcc
2021-06-24,825.35,,ft,Approved,,2025-03-11T21:18:57.099472+00:00,e9286e10fdf94482b1ae5281611c9dcc
2021-06-25,825.24,,ft,Approved,,2025-03-11T21:18:57.099472+00:00,e9286e10fdf94482b1ae5281611c9dcc
2021-06-26,825.12,,ft,Approved,,2025-03-11T21:18:57.099472+00:00,e9286e10fdf94482b1ae5281611c9dcc
2021-06-27,825.09,,ft,Approved,,2025-03-11T21:18:57.099472+00:00,e9286e10fdf94482b1ae5281611c9dcc
2021-06-28,825.79,,ft,Approved,,2025-03-11T21:18:57.099472+00:00,e9286e10fdf94482b1ae5281611c9dcc
2021-06-29,825.86,,ft,Approved,,2025-03-11T21:18:57.099472+00:00,e9286e10fdf94482b1ae5281611c9dcc
2021-06-30,826.2,,ft,Approved,,2025-03-11T21:18:57.099472+00:00,e9286e10fdf94482b1ae5281611c9dcc
2021-07-01,825.85,,ft,Approved,,2025-03-11T21:18:57.099472+00:00,e9286e10fdf94482b1ae5281611c9dcc
2021-07-02,825.63,,ft,Approved,,2025-03-11T21:18:57.099472+00:00,e9286e10fdf94482b1ae5281611c9dcc
2021-07-03,825.49,,ft,Approved,,2025-03-11T21:18:57.099472+00:00,e9286e10fdf94482b1ae5281611c9dcc
2021-07-04,825.39,,ft,Approved,,2025-03-11T21:18:57.099472+00:00,e9286e10fdf94482b1ae5281611c9dcc
2021-07-05,825.39,,ft,Approved,,2025-03-11T21:18:57.099472+00:00,e9286e10fdf94482b1ae5281611c9dcc
2021-07-06,825.76,,ft,Approved,,2025-03-11T21:18:57.099472+00:00,e9286e10fdf94482b1ae5281611c9dcc
2021-07-07,826.04,,ft,Approved,,2025-03-11T21:18:57.099472+00:00,e9286e10fdf94482b1ae5281611c9dcc
2021-07-08,825.8,,ft,Approved,,2025-03-11T21:18:57.099472+00:00,e9286e10fdf94482b1ae5281611c9dcc
2021-07-09,826.61,,ft,Approved,,2025-03-11T21:18:57.099472+00:00,e9286e10fdf94482b1ae5281611c9dcc
2021-07-10,826.71,,ft,Approved,,2025-03-11T21:18:57.099472+00:00,e9286e10fdf94482b1ae5281611c9dcc
2021-07-11,826.51,,ft,Approved,,2025-03-11T21:18:57.099472+00:00,e9286e10fdf94482b1ae5281611c9dcc
2021-07-12,826.06,,ft,Approved,,2025-03-11T21:18:57.099472+00:00,e9286e10fdf94482b1ae5281611c9dcc
2021-07-13,825.83,,ft,Approved,,2025-03-11T21:18:57.099472+00:00,e9286e10fdf94482b1ae5281611c9dcc
2021-07-14,825.68,,ft,Approved,,2025-03-11T21:18:57.099472+00:00,e9286e10fdf94482b1ae5281611c9dcc
2021-07-15,825.57,,ft,Approved,,2025-03-11T21:18:57.099472+00:00,e9286e10fdf94482b1ae5281611c9dcc
2021-07-16,825.48,,ft,Approved,,2025-03-11T21:18:57.099472+00:00,e9286e10fdf94482b1ae5281611c9dcc
2021-07-17,825.4,,ft,Approved,,2025-03-11T21:18:57.099472+00:00,e9286e10fdf94482b1ae5281611c9dcc
2021-07-18,825.32,,ft,Approved,,2025-03-11T21:18:57.099472+00:00,e9286e10fdf94482b1ae5281611c9dcc
2021-07-19,825.84,,ft,Approved,,2025-03-11T21:18:57.099472+00:00,e9286e10fdf94482b1ae5281611c9dcc
2021-07-20,827.13,,ft,Approved,,2025-03-11T21:18:57.099472+00:00,e9286e10fdf94482b1ae5281611c9dcc
2021-07-21,826.42,,ft,Approved,,2025-03-11T21:18:57.099472+00:00,e9286e10fdf94482b1ae5281611c9dcc
2021-07-22,826.0,,ft,Approved,,2025-03-11T21:18:57.099472+00:00,e9286e10fdf94482b1ae5281611c9dcc
2021-07-23,825.77,,ft,Approved,,2025-03-11T21:18:57.099472+00:00,e9286e10fdf94482b1ae5281611c9dcc
2021-07-24,825.61,,ft,Approved,,2025-03-11T21:18:57.099472+00:00,e9286e10fdf94482b1ae5281611c9dcc
2021-07-25,825.48,,ft,Approved,,2025-03-11T21:18:57.099472+00:00,e9286e10fdf94482b1ae5281611c9dcc
2021-07-26,825.38,,ft,Approved,,2025-03-11T21:18:57.099472+00:00,e9286e10fdf94482b1ae5281611c9dcc
2021-07-27,825.29,,ft,Approved,,2025-03-11T21:18:57.099472+00:00,e9286e10fdf94482b1ae5281611c9dcc
2021-07-28,825.18,,ft,Approved,,2025-03-11T21:18:57.099472+00:00,e9286e10fdf94482b1ae5281611c9dcc
2021-07-29,825.06,,ft,Approved,,2025-03-11T21:18:57.099472+00:00,e9286e10fdf94482b1ae5281611c9dcc
2021-07-30,824.97,,ft,Approved,LESSTHAN,2025-03-11T21:18:57.099472+00:00,e9286e10fdf94482b1ae5281611c9dcc
2021-07-31,824.95,,ft,Approved,LESSTHAN,2025-03-11T21:18:57.099472+00:00,e9286e10fdf94482b1ae5281611c9dcc
2021-08-01,824.95,,ft,Approved,LESSTHAN,2025-03-11T21:18:57.099472+00:00,e9286e10fdf94482b1ae5281611c9dcc
2021-08-02,825.64,,ft,Approved,LESSTHAN,2025-03-11T21:18:57.099472+00:00,e9286e10fdf94482b1ae5281611c9dcc
2021-08-03,826.91,,ft,Approved,,2026-01-16T00:01:52.041479+00:00,e9286e10fdf94482b1ae5281611c9dcc
2021-08-04,826.3,,ft,Approved,,2025-03-11T21:18:57.099472+00:00,e9286e10fdf94482b1ae5281611c9dcc
2021-08-05,825.92,,ft,Approved,,2025-03-11T21:18:57.099472+00:00,e9286e10fdf94482b1ae5281611c9dcc
2021-08-06,825.74,,ft,Approved,,2025-03-11T21:18:57.099472+00:00,e9286e10fdf94482b1ae5281611c9dcc
2021-08-07,825.68,,ft,Approved,,2025-03-11T21:18:57.099472+00:00,e9286e10fdf94482b1ae5281611c9dcc
2021-08-08,825.55,,ft,Approved,,2025-03-11T21:18:57.099472+00:00,e9286e10fdf94482b1ae5281611c9dcc
2021-08-09,825.44,,ft,Approved,,2025-03-11T21:18:57.099472+00:00,e9286e10fdf94482b1ae5281611c9dcc
2021-08-10,825.35,,ft,Approved,,2025-03-11T21:18:57.099472+00:00,e9286e10fdf94482b1ae5281611c9dcc
2021-08-11,825.25,,ft,Approved,,2025-03-11T21:18:57.099472+00:00,e9286e10fdf94482b1ae5281611c9dcc
2021-08-12,825.17,,ft,Approved,,2025-03-11T21:18:57.099472+00:00,e9286e10fdf94482b1ae5281611c9dcc
2021-08-13,825.06,,ft,Approved,,2025-03-11T21:18:57.099472+00:00,e9286e10fdf94482b1ae5281611c9dcc
2021-08-14,824.96,,ft,Approved,LESSTHAN,2025-03-11T21:18:57.099472+00:00,e9286e10fdf94482b1ae5281611c9dcc
2021-08-15,824.95,,ft,Approved,LESSTHAN,2025-03-11T21:18:57.099472+00:00,e9286e10fdf94482b1ae5281611c9dcc
2021-08-16,824.95,,ft,Approved,LESSTHAN,2025-03-11T21:18:57.099472+00:00,e9286e10fdf94482b1ae5281611c9dcc
2021-08-17,824.95,,ft,Approved,LESSTHAN,2025-03-11T21:18:57.099472+00:00,e9286e10fdf94482b1ae5281611c9dcc
2021-08-18,824.95,,ft,Approved,LESSTHAN,2025-03-11T21:18:57.099472+00:00,e9286e10fdf94482b1ae5281611c9dcc
2021-08-19,824.95,,ft,Approved,LESSTHAN,2025-03-11T21:18:57.099472+00:00,e9286e10fdf94482b1ae5281611c9dcc
2021-08-20,824.95,,ft,Approved,LESSTHAN,2025-03-11T21:18:57.099472+00:00,e9286e10fdf94482b1ae5281611c9dcc
2021-08-21,824.95,,ft,Approved,LESSTHAN,2025-03-11T21:18:57.099472+00:00,e9286e10fdf94482b1ae5281611c9dcc
2021-08-22,824.95,,ft,Approved,LESSTHAN,2025-03-11T21:18:57.099472+00:00,e9286e10fdf94482b1ae5281611c9dcc
2021-08-23,824.95,,ft,Approved,LESSTHAN,2025-03-11T21:18:57.099472+00:00,e9286e10fdf94482b1ae5281611c9dcc
2021-08-24,824.95,,ft,Approved,LESSTHAN,2025-03-11T21:18:57.099472+00:00,e9286e10fdf94482b1ae5281611c9dcc
2021-08-25,824.95,,ft,Approved,LESSTHAN,2025-03-11T21:18:57.099472+00:00,e9286e10fdf94482b1ae5281611c9dcc
2021-08-26,824.95,,ft,Approved,LESSTHAN,2025-03-11T21:18:57.099472+00:00,e9286e10fdf94482b1ae5281611c9dcc
2021-08-27,824.95,,ft,Approved,LESSTHAN,2025-03-11T21:18:57.099472+00:00,e9286e10fdf94482b1ae5281611c9dcc
2021-08-28,824.95,,ft,Approved,LESSTHAN,2025-03-11T21:18:57.099472+00:00,e9286e10fdf94482b1ae5281611c9dcc
2021-08-29,824.95,,ft,Approved,LESSTHAN,2025-03-11T21:18:57.099472+00:00,e9286e10fdf94482b1ae5281611c9dcc
2021-08-30,824.95,,ft,Approved,LESSTHAN,2025-03-11T21:18:57.099472+00:00,e9286e10fdf94482b1ae5281611c9dcc
2021-08-31,824.95,,ft,Approved,LESSTHAN,2025-03-11T21:18:57.099472+00:00,e9286e10fdf94482b1ae5281611c9dcc
2021-09-01,824.95,,ft,Approved,LESSTHAN,2025-03-11T21:18:57.099472+00:00,e9286e10fdf94482b1ae5281611c9dcc
2021-09-02,824.95,,ft,Approved,LESSTHAN,2025-03-11T21:18:57.099472+00:00,e9286e10fdf94482b1ae5281611c9dcc
2021-09-03,824.96,,ft,Approved,LESSTHAN,2025-03-11T21:18:57.099472+00:00,e9286e10fdf94482b1ae5281611c9dcc
2021-09-04,824.99,,ft,Approved,,2026-01-16T00:01:52.041479+00:00,e9286e10fdf94482b1ae5281611c9dcc
2021-09-05,825.04,,ft,Approved,,2025-03-11T21:18:57.099472+00:00,e9286e10fdf94482b1ae5281611c9dcc
2021-09-06,825.4,,ft,Approved,,2025-03-11T21:18:57.099472+00:00,e9286e10fdf94482b1ae5281611c9dcc
2021-09-07,825.64,,ft,Approved,,2025-03-11T21:18:57.099472+00:00,e9286e10fdf94482b1ae5281611c9dcc
2021-09-08,825.65,,ft,Approved,,2025-03-11T21:18:57.099472+00:00,e9286e10fdf94482b1ae5281611c9dcc
2021-09-09,825.59,,ft,Approved,,2025-03-11T21:18:57.099472+00:00,e9286e10fdf94482b1ae5281611c9dcc
2021-09-10,825.55,,ft,Approved,,2025-03-11T21:18:57.099472+00:00,e9286e10fdf94482b1ae5281611c9dcc
2021-09-11,825.53,,ft,Approved,,2025-03-11T21:18:57.099472+00:00,e9286e10fdf94482b1ae5281611c9dcc
2021-09-12,825.52,,ft,Approved,,2025-03-11T21:18:57.099472+00:00,e9286e10fdf94482b1ae5281611c9dcc
2021-09-13,825.51,,ft,Approved,,2025-03-11T21:18:57.099472+00:00,e9286e10fdf94482b1ae5281611c9dcc
2021-09-14,825.49,,ft,Approved,,2025-03-11T21:18:57.099472+00:00,e9286e10fdf94482b1ae5281611c9dcc
2021-09-15,825.48,,ft,Approved,,2025-03-11T21:18:57.099472+00:00,e9286e10fdf94482b1ae5281611c9dcc
2021-09-16,825.47,,ft,Approved,,2025-03-11T21:18:57.099472+00:00,e9286e10fdf94482b1ae5281611c9dcc
2021-09-17,825.46,,ft,Approved,,2025-03-11T21:18:57.099472+00:00,e9286e10fdf94482b1ae5281611c9dcc
2021-09-18,825.44,,ft,Approved,,2025-03-11T21:18:57.099472+00:00,e9286e10fdf94482b1ae5281611c9dcc
2021-09-19,825.43,,ft,Approved,,2025-03-11T21:18:57.099472+00:00,e9286e10fdf94482b1ae5281611c9dcc
2021-09-20,825.42,,ft,Approved,,2025-03-11T21:18:57.099472+00:00,e9286e10fdf94482b1ae5281611c9dcc
2021-09-21,825.41,,ft,Approved,,2025-03-11T21:18:57.099472+00:00,e9286e10fdf94482b1ae5281611c9dcc
2021-09-22,825.38,,ft,Approved,,2025-03-11T21:18:57.099472+00:00,e9286e10fdf94482b1ae5281611c9dcc
2021-09-23,825.37,,ft,Approved,,2025-03-11T21:18:57.099472+00:00,e9286e10fdf94482b1ae5281611c9dcc
2021-09-24,825.36,,ft,Approved,,2025-03-11T21:18:57.099472+00:00,e9286e10fdf94482b1ae5281611c9dcc
2021-09-25,825.36,,ft,Approved,,2025-03-11T21:18:57.099472+00:00,e9286e10fdf94482b1ae5281611c9dcc
2021-09-26,825.36,,ft,Approved,,2026-01-16T00:01:52.041479+00:00,e9286e10fdf94482b1ae5281611c9dcc
2021-09-27,825.36,,ft,Approved,LESSTHAN,2025-03-11T21:18:57.099472+00:00,e9286e10fdf94482b1ae5281611c9dcc
2021-09-28,825.69,,ft,Approved,LESSTHAN,2025-03-11T21:18:57.099472+00:00,e9286e10fdf94482b1ae5281611c9dcc
2021-09-29,830.68,,ft,Approved,,2026-01-16T00:01:52.041479+00:00,e9286e10fdf94482b1ae5281611c9dcc
2021-09-30,829.19,,ft,Approved,,2025-03-11T21:18:57.099472+00:00,e9286e10fdf94482b1ae5281611c9dcc
2021-10-01,828.42,,ft,Approved,,2025-03-11T21:18:57.099472+00:00,e9286e10fdf94482b1ae5281611c9dcc
2021-10-02,827.28,,ft,Approved,,2025-03-11T21:18:57.099472+00:00,e9286e10fdf94482b1ae5281611c9dcc
2021-10-03,826.46,,ft,Approved,,2025-03-11T21:18:57.099472+00:00,e9286e10fdf94482b1ae5281611c9dcc
2021-10-04,826.15,,ft,Approved,,2025-03-11T21:18:57.099472+00:00,e9286e10fdf94482b1ae5281611c9dcc
2021-10-05,825.97,,ft,Approved,,2025-03-11T21:18:57.099472+00:00,e9286e10fdf94482b1ae5281611c9dcc
2021-10-06,825.87,,ft,Approved,,2025-03-11T21:18:57.099472+00:00,e9286e10fdf94482b1ae5281611c9dcc
2021-10-07,825.81,,ft,Approved,,2025-03-11T21:18:57.099472+00:00,e9286e10fdf94482b1ae5281611c9dcc
2021-10-08,825.77,,ft,Approved,,2025-03-11T21:18:57.099472+00:00,e9286e10fdf94482b1ae5281611c9dcc
2021-10-09,825.73,,ft,Approved,,2025-03-11T21:18:57.099472+00:00,e9286e10fdf94482b1ae5281611c9dcc
2021-10-10,825.71,,ft,Approved,,2025-03-11T21:18:57.099472+00:00,e9286e10fdf94482b1ae5281611c9dcc
2021-10-11,825.93,,ft,Approved,,2025-03-11T21:18:57.099472+00:00,e9286e10fdf94482b1ae5281611c9dcc
2021-10-12,825.96,,ft,Approved,,2025-03-11T21:18:57.099472+00:00,e9286e10fdf94482b1ae5281611c9dcc
2021-10-13,826.11,,ft,Approved,,2025-03-11T21:18:57.099472+00:00,e9286e10fdf94482b1ae5281611c9dcc
2021-10-14,832.62,,ft,Approved,,2025-03-11T21:18:57.099472+00:00,e9286e10fdf94482b1ae5281611c9dcc
2021-10-15,832.04,,ft,Approved,,2025-03-11T21:18:57.099472+00:00,e9286e10fdf94482b1ae5281611c9dcc
2021-10-16,830.27,,ft,Approved,,2025-03-11T21:18:57.099472+00:00,e9286e10fdf94482b1ae5281611c9dcc
2021-10-17,828.0,,ft,Approved,,2025-03-11T21:18:57.099472+00:00,e9286e10fdf94482b1ae5281611c9dcc
2021-10-18,826.59,,ft,Approved,,2025-03-11T21:18:57.099472+00:00,e9286e10fdf94482b1ae5281611c9dcc
2021-10-19,826.23,,ft,Approved,,2025-03-11T21:18:57.099472+00:00,e9286e10fdf94482b1ae5281611c9dcc
2021-10-20,826.06,,ft,Approved,,2025-03-11T21:18:57.099472+00:00,e9286e10fdf94482b1ae5281611c9dcc
2021-10-21,825.98,,ft,Approved,,2025-03-11T21:18:57.099472+00:00,e9286e10fdf94482b1ae5281611c9dcc
2021-10-22,825.95,,ft,Approved,,2025-03-11T21:18:57.099472+00:00,e9286e10fdf94482b1ae5281611c9dcc
2021-10-23,825.9,,ft,Approved,,2025-03-11T21:18:57.099472+00:00,e9286e10fdf94482b1ae5281611c9dcc
2021-10-24,825.85,,ft,Approved,,2025-03-11T21:18:57.099472+00:00,e9286e10fdf94482b1ae5281611c9dcc
2021-10-25,825.82,,ft,Approved,,2025-03-11T21:18:57.099472+00:00,e9286e10fdf94482b1ae5281611c9dcc
2021-10-26,825.79,,ft,Approved,,2025-03-11T21:18:57.099472+00:00,e9286e10fdf94482b1ae5281611c9dcc
2021-10-27,826.46,,ft,Approved,,2025-03-11T21:18:57.099472+00:00,e9286e10fdf94482b1ae5281611c9dcc
2021-10-28,826.53,,ft,Approved,,2025-03-11T21:18:57.099472+00:00,e9286e10fdf94482b1ae5281611c9dcc
2021-10-29,826.16,,ft,Approved,,2025-03-11T21:18:57.099472+00:00,e9286e10fdf94482b1ae5281611c9dcc
2021-10-30,825.99,,ft,Approved,,2025-03-11T21:18:57.099472+00:00,e9286e10fdf94482b1ae5281611c9dcc
2021-10-31,825.89,,ft,Approved,,2025-03-11T21:18:57.099472+00:00,e9286e10fdf94482b1ae5281611c9dcc
2021-11-01,825.84,,ft,Approved,,2025-03-11T21:18:57.099472+00:00,e9286e10fdf94482b1ae5281611c9dcc
2021-11-02,825.81,,ft,Approved,,2025-03-11T21:18:57.099472+00:00,e9286e10fdf94482b1ae5281611c9dcc
2021-11-03,827.07,,ft,Approved,,2025-03-11T21:18:57.099472+00:00,e9286e10fdf94482b1ae5281611c9dcc
2021-11-04,828.16,,ft,Approved,,2025-03-11T21:18:57.099472+00:00,e9286e10fdf94482b1ae5281611c9dcc
2021-11-05,826.82,,ft,Approved,,2025-03-11T21:18:57.099472+00:00,e9286e10fdf94482b1ae5281611c9dcc
2021-11-06,826.44,,ft,Approved,,2025-03-11T21:18:57.099472+00:00,e9286e10fdf94482b1ae5281611c9dcc
2021-11-07,826.22,,ft,Approved,,2025-03-11T21:18:57.099472+00:00,e9286e10fdf94482b1ae5281611c9dcc
2021-11-08,826.09,,ft,Approved,,2025-03-11T21:18:57.099472+00:00,e9286e10fdf94482b1ae5281611c9dcc
2021-11-09,826.03,,ft,Approved,,2025-03-11T21:18:57.099472+00:00,e9286e10fdf94482b1ae5281611c9dcc
2021-11-10,825.98,,ft,Approved,,2025-03-11T21:18:57.099472+00:00,e9286e10fdf94482b1ae5281611c9dcc
2021-11-11,825.93,,ft,Approved,,2025-03-11T21:18:57.099472+00:00,e9286e10fdf94482b1ae5281611c9dcc
2021-11-12,825.88,,ft,Approved,,2025-03-11T21:18:57.099472+00:00,e9286e10fdf94482b1ae5281611c9dcc
2021-11-13,825.84,,ft,Approved,,2025-03-11T21:18:57.099472+00:00,e9286e10fdf94482b1ae5281611c9dcc
2021-11-14,825.81,,ft,Approved,,2025-03-11T21:18:57.099472+00:00,e9286e10fdf94482b1ae5281611c9dcc
2021-11-15,825.8,,ft,Approved,,2025-03-11T21:18:57.099472+00:00,e9286e10fdf94482b1ae5281611c9dcc
2021-11-16,825.79,,ft,Approved,,2025-03-11T21:18:57.099472+00:00,e9286e10fdf94482b1ae5281611c9dcc
2021-11-17,825.78,,ft,Approved,,2025-03-11T21:18:57.099472+00:00,e9286e10fdf94482b1ae5281611c9dcc
2021-11-18,825.74,,ft,Approved,,2025-03-11T21:18:57.099472+00:00,e9286e10fdf94482b1ae5281611c9dcc
2021-11-19,825.71,,ft,Approved,,2025-03-11T21:18:57.099472+00:00,e9286e10fdf94482b1ae5281611c9dcc
2021-11-20,825.71,,ft,Approved,,2025-03-11T21:18:57.099472+00:00,e9286e10fdf94482b1ae5281611c9dcc
2021-11-21,825.71,,ft,Approved,,2025-03-11T21:18:57.099472+00:00,e9286e10fdf94482b1ae5281611c9dcc
2021-11-22,825.7,,ft,Approved,,2025-03-11T21:18:57.099472+00:00,e9286e10fdf94482b1ae5281611c9dcc
2021-11-23,825.69,,ft,Approved,,2025-03-11T21:18:57.099472+00:00,e9286e10fdf94482b1ae5281611c9dcc
2021-11-24,825.69,,ft,Approved,,2025-03-11T21:18:57.099472+00:00,e9286e10fdf94482b1ae5281611c9dcc
2021-11-25,825.7,,ft,Approved,,2025-03-11T21:18:57.099472+00:00,e9286e10fdf94482b1ae5281611c9dcc
2021-11-26,825.68,,ft,Approved,,2025-03-11T21:18:57.099472+00:00,e9286e10fdf94482b1ae5281611c9dcc
2021-11-27,825.7,,ft,Approved,,2025-03-11T21:18:57.099472+00:00,e9286e10fdf94482b1ae5281611c9dcc
2021-11-28,825.81,,ft,Approved,,2025-03-11T21:18:57.099472+00:00,e9286e10fdf94482b1ae5281611c9dcc
2021-11-29,825.78,,ft,Approved,,2025-03-11T21:18:57.099472+00:00,e9286e10fdf94482b1ae5281611c9dcc
2021-11-30,825.75,,ft,Approved,,2025-03-11T21:18:57.099472+00:00,e9286e10fdf94482b1ae5281611c9dcc
2021-12-01,825.73,,ft,Approved,,2025-03-11T21:18:57.099472+00:00,e9286e10fdf94482b1ae5281611c9dcc
2021-12-02,825.71,,ft,Approved,,2025-03-11T21:18:57.099472+00:00,e9286e10fdf94482b1ae5281611c9dcc
2021-12-03,825.71,,ft,Approved,,2025-03-11T21:18:57.099472+00:00,e9286e10fdf94482b1ae5281611c9dcc
2021-12-04,825.71,,ft,Approved,,2025-03-11T21:18:57.099472+00:00,e9286e10fdf94482b1ae5281611c9dcc
2021-12-05,825.71,,ft,Approved,,2025-03-11T21:18:57.099472+00:00,e9286e10fdf94482b1ae5281611c9dcc
2021-12-06,825.7,,ft,Approved,,2025-03-11T21:18:57.099472+00:00,e9286e10fdf94482b1ae5281611c9dcc
2021-12-07,825.67,,ft,Approved,,2025-03-11T21:18:57.099472+00:00,e9286e10fdf94482b1ae5281611c9dcc
2021-12-08,825.67,,ft,Approved,,2025-03-11T21:18:57.099472+00:00,e9286e10fdf94482b1ae5281611c9dcc
2021-12-09,825.67,,ft,Approved,,2025-03-11T21:18:57.099472+00:00,e9286e10fdf94482b1ae5281611c9dcc
2021-12-10,825.67,,ft,Approved,,2025-03-11T21:18:57.099472+00:00,e9286e10fdf94482b1ae5281611c9dcc
2021-12-11,825.65,,ft,Approved,,2025-03-11T21:18:57.099472+00:00,e9286e10fdf94482b1ae5281611c9dcc
2021-12-12,825.63,,ft,Approved,,2025-03-11T21:18:57.099472+00:00,e9286e10fdf94482b1ae5281611c9dcc
2021-12-13,825.63,,ft,Approved,,2025-03-11T21:18:57.099472+00:00,e9286e10fdf94482b1ae5281611c9dcc
2021-12-14,825.64,,ft,Approved,,2025-03-11T21:18:57.099472+00:00,e9286e10fdf94482b1ae5281611c9dcc
2021-12-15,825.66,,ft,Approved,,2025-03-11T21:18:57.099472+00:00,e9286e10fdf94482b1ae5281611c9dcc
2021-12-16,825.66,,ft,Approved,,2025-03-11T21:18:57.099472+00:00,e9286e10fdf94482b1ae5281611c9dcc
2021-12-17,825.66,,ft,Approved,,2025-03-11T21:18:57.099472+00:00,e9286e10fdf94482b1ae5281611c9dcc
2021-12-18,826.36,,ft,Approved,,2025-03-11T21:18:57.099472+00:00,e9286e10fdf94482b1ae5281611c9dcc
2021-12-19,826.58,,ft,Approved,,2025-03-11T21:18:57.099472+00:00,e9286e10fdf94482b1ae5281611c9dcc
2021-12-20,826.19,,ft,Approved,,2025-03-11T21:18:57.099472+00:00,e9286e10fdf94482b1ae5281611c9dcc
2021-12-21,826.0,,ft,Approved,,2025-03-11T21:18:57.099472+00:00,e9286e10fdf94482b1ae5281611c9dcc
2021-12-22,825.9,,ft,Approved,,2025-03-11T21:18:57.099472+00:00,e9286e10fdf94482b1ae5281611c9dcc
2021-12-23,825.84,,ft,Approved,,2025-03-11T21:18:57.099472+00:00,e9286e10fdf94482b1ae5281611c9dcc
2021-12-24,825.81,,ft,Approved,,2025-03-11T21:18:57.099472+00:00,e9286e10fdf94482b1ae5281611c9dcc
2021-12-25,825.78,,ft,Approved,,2025-03-11T21:18:57.099472+00:00,e9286e10fdf94482b1ae5281611c9dcc
2021-12-26,825.76,,ft,Approved,,2025-03-11T21:18:57.099472+00:00,e9286e10fdf94482b1ae5281611c9dcc
2021-12-27,825.74,,ft,Approved,,2025-03-11T21:18:57.099472+00:00,e9286e10fdf94482b1ae5281611c9dcc
2021-12-28,825.73,,ft,Approved,,2025-03-11T21:18:57.099472+00:00,e9286e10fdf94482b1ae5281611c9dcc
2021-12-29,825.71,,ft,Approved,,2025-03-11T21:18:57.099472+00:00,e9286e10fdf94482b1ae5281611c9dcc
2021-12-30,825.7,,ft,Approved,,2025-03-11T21:18:57.099472+00:00,e9286e10fdf94482b1ae5281611c9dcc
2021-12-31,825.69,,ft,Approved,,2025-03-11T21:18:57.099472+00:00,e9286e10fdf94482b1ae5281611c9dcc
2022-01-01,825.69,,ft,Approved,,2025-03-11T21:18:57.099472+00:00,e9286e10fdf94482b1ae5281611c9dcc
2022-01-02,825.65,,ft,Approved,,2025-03-11T21:18:57.099472+00:00,e9286e10fdf94482b1ae5281611c9dcc
2022-01-03,825.63,,ft,Approved,,2025-03-11T21:18:57.099472+00:00,e9286e10fdf94482b1ae5281611c9dcc
2022-01-04,825.64,,ft,Approved,,2025-03-11T21:18:57.099472+00:00,e9286e10fdf94482b1ae5281611c9dcc
2022-01-05,825.64,,ft,Approved,,2025-03-11T21:18:57.099472+00:00,e9286e10fdf94482b1ae5281611c9dcc
2022-01-06,825.64,,ft,Approved,,2025-03-11T21:18:57.099472+00:00,e9286e10fdf94482b1ae5281611c9dcc
2022-01-07,825.61,,ft,Approved,,2025-03-11T21:18:57.099472+00:00,e9286e10fdf94482b1ae5281611c9dcc
2022-01-08,825.63,,ft,Approved,,2025-03-11T21:18:57.099472+00:00,e9286e10fdf94482b1ae5281611c9dcc
2022-01-09,825.64,,ft,Approved,,2025-03-11T21:18:57.099472+00:00,e9286e10fdf94482b1ae5281611c9dcc
2022-01-10,825.62,,ft,Approved,,2025-03-11T21:18:57.099472+00:00,e9286e10fdf94482b1ae5281611c9dcc
2022-01-11,825.62,,ft,Approved,,2025-03-11T21:18:57.099472+00:00,e9286e10fdf94482b1ae5281611c9dcc
2022-01-12,825.63,,ft,Approved,,2025-03-11T21:18:57.099472+00:00,e9286e10fdf94482b1ae5281611c9dcc
2022-01-13,825.63,,ft,Approved,,2025-03-11T21:18:57.099472+00:00,e9286e10fdf94482b1ae5281611c9dcc
2022-01-14,825.63,,ft,Approved,,2025-03-11T21:18:57.099472+00:00,e9286e10fdf94482b1ae5281611c9dcc
2022-01-15,825.61,,ft,Approved,,2025-03-11T21:18:57.099472+00:00,e9286e10fdf94482b1ae5281611c9dcc
2022-01-16,825.59,,ft,Approved,,2025-03-11T21:18:57.099472+00:00,e9286e10fdf94482b1ae5281611c9dcc
2022-01-17,825.59,,ft,Approved,,2025-03-11T21:18:57.099472+00:00,e9286e10fdf94482b1ae5281611c9dcc
2022-01-18,825.61,,ft,Approved,,2025-03-11T21:18:57.099472+00:00,e9286e10fdf94482b1ae5281611c9dcc
2022-01-19,825.61,,ft,Approved,,2025-03-11T21:18:57.099472+00:00,e9286e10fdf94482b1ae5281611c9dcc
2022-01-20,825.59,,ft,Approved,,2025-03-11T21:18:57.099472+00:00,e9286e10fdf94482b1ae5281611c9dcc
2022-01-21,825.58,,ft,Approved,,2025-03-11T21:18:57.099472+00:00,e9286e10fdf94482b1ae5281611c9dcc
2022-01-22,825.58,,ft,Approved,,2025-03-11T21:18:57.099472+00:00,e9286e10fdf94482b1ae5281611c9dcc
2022-01-23,825.59,,ft,Approved,,2025-03-11T21:18:57.099472+00:00,e9286e10fdf94482b1ae5281611c9dcc
2022-01-24,825.6,,ft,Approved,,2025-03-11T21:18:57.099472+00:00,e9286e10fdf94482b1ae5281611c9dcc
2022-01-25,825.63,,ft,Approved,,2025-03-11T21:18:57.099472+00:00,e9286e10fdf94482b1ae5281611c9dcc
2022-01-26,825.63,,ft,Approved,,2025-03-11T21:18:57.099472+00:00,e9286e10fdf94482b1ae5281611c9dcc
2022-01-27,825.62,,ft,Approved,,2025-03-11T21:18:57.099472+00:00,e9286e10fdf94482b1ae5281611c9dcc
2022-01-28,825.61,,ft,Approved,,2025-03-11T21:18:57.099472+00:00,e9286e10fdf94482b1ae5281611c9dcc
2022-01-29,825.61,,ft,Approved,,2025-03-11T21:18:57.099472+00:00,e9286e10fdf94482b1ae5281611c9dcc
2022-01-30,825.6,,ft,Approved,,2025-03-11T21:18:57.099472+00:00,e9286e10fdf94482b1ae5281611c9dcc
2022-01-31,826.17,,ft,Approved,,2025-03-11T21:18:57.099472+00:00,e9286e10fdf94482b1ae5281611c9dcc
2022-02-01,827.62,,ft,Approved,,2025-03-11T21:18:57.099472+00:00,e9286e10fdf94482b1ae5281611c9dcc
2022-02-02,826.7,,ft,Approved,,2025-03-11T21:18:57.099472+00:00,e9286e10fdf94482b1ae5281611c9dcc
2022-02-03,828.96,,ft,Approved,,2025-03-11T21:18:57.099472+00:00,e9286e10fdf94482b1ae5281611c9dcc
2022-02-04,828.24,,ft,Approved,,2025-03-11T21:18:57.099472+00:00,e9286e10fdf94482b1ae5281611c9dcc
2022-02-05,826.94,,ft,Approved,,2025-03-11T21:18:57.099472+00:00,e9286e10fdf94482b1ae5281611c9dcc
2022-02-06,826.6,,ft,Approved,,2025-03-11T21:18:57.099472+00:00,e9286e10fdf94482b1ae5281611c9dcc
2022-02-07,826.38,,ft,Approved,,2025-03-11T21:18:57.099472+00:00,e9286e10fdf94482b1ae5281611c9dcc
2022-02-08,826.25,,ft,Approved,,2025-03-11T21:18:57.099472+00:00,e9286e10fdf94482b1ae5281611c9dcc
2022-02-09,826.14,,ft,Approved,,2025-03-11T21:18:57.099472+00:00,e9286e10fdf94482b1ae5281611c9dcc
2022-02-10,826.08,,ft,Approved,,2025-03-11T21:18:57.099472+00:00,e9286e10fdf94482b1ae5281611c9dcc
2022-02-11,826.04,,ft,Approved,,2025-03-11T21:18:57.099472+00:00,e9286e10fdf94482b1ae5281611c9dcc
2022-02-12,825.98,,ft,Approved,,2025-03-11T21:18:57.099472+00:00,e9286e10fdf94482b1ae5281611c9dcc
2022-02-13,825.92,,ft,Approved,,2025-03-11T21:18:57.099472+00:00,e9286e10fdf94482b1ae5281611c9dcc
2022-02-14,825.89,,ft,Approved,,2025-03-11T21:18:57.099472+00:00,e9286e10fdf94482b1ae5281611c9dcc
2022-02-15,825.87,,ft,Approved,,2025-03-11T21:18:57.099472+00:00,e9286e10fdf94482b1ae5281611c9dcc
2022-02-16,825.87,,ft,Approved,,2025-03-11T21:18:57.099472+00:00,e9286e10fdf94482b1ae5281611c9dcc
2022-02-17,825.86,,ft,Approved,,2025-03-11T21:18:57.099472+00:00,e9286e10fdf94482b1ae5281611c9dcc
2022-02-18,825.82,,ft,Approved,,2025-03-11T21:18:57.099472+00:00,e9286e10fdf94482b1ae5281611c9dcc
2022-02-19,825.8,,ft,Approved,,2025-03-11T21:18:57.099472+00:00,e9286e10fdf94482b1ae5281611c9dcc
2022-02-20,825.79,,ft,Approved,,2025-03-11T21:18:57.099472+00:00,e9286e10fdf94482b1ae5281611c9dcc
2022-02-21,825.8,,ft,Approved,,2025-03-11T21:18:57.099472+00:00,e9286e10fdf94482b1ae5281611c9dcc
2022-02-22,825.79,,ft,Approved,,2025-03-11T21:18:57.099472+00:00,e9286e10fdf94482b1ae5281611c9dcc
2022-02-23,825.75,,ft,Approved,,2025-03-11T21:18:57.099472+00:00,e9286e10fdf94482b1ae5281611c9dcc
2022-02-24,825.74,,ft,Approved,,2025-03-11T21:18:57.099472+00:00,e9286e10fdf94482b1ae5281611c9dcc
2022-02-25,825.73,,ft,Approved,,2025-03-11T21:18:57.099472+00:00,e9286e10fdf94482b1ae5281611c9dcc
2022-02-26,825.73,,ft,Approved,,2025-03-11T21:18:57.099472+00:00,e9286e10fdf94482b1ae5281611c9dcc
2022-02-27,825.74,,ft,Approved,,2025-03-11T21:18:57.099472+00:00,e9286e10fdf94482b1ae5281611c9dcc
2022-02-28,825.73,,ft,Approved,,2025-03-11T21:18:57.099472+00:00,e9286e10fdf94482b1ae5281611c9dcc
2022-03-01,825.73,,ft,Approved,,2025-03-11T21:18:57.099472+00:00,e9286e10fdf94482b1ae5281611c9dcc
2022-03-02,825.72,,ft,Approved,,2025-03-11T21:18:57.099472+00:00,e9286e10fdf94482b1ae5281611c9dcc
2022-03-03,825.72,,ft,Approved,,2025-03-11T21:18:57.099472+00:00,e9286e10fdf94482b1ae5281611c9dcc
2022-03-04,825.72,,ft,Approved,,2025-03-11T21:18:57.099472+00:00,e9286e10fdf94482b1ae5281611c9dcc
2022-03-05,825.72,,ft,Approved,,2025-03-11T21:18:57.099472+00:00,e9286e10fdf94482b1ae5281611c9dcc
2022-03-06,825.72,,ft,Approved,,2025-03-11T21:18:57.099472+00:00,e9286e10fdf94482b1ae5281611c9dcc
2022-03-07,825.7,,ft,Approved,,2025-03-11T21:18:57.099472+00:00,e9286e10fdf94482b1ae5281611c9dcc
2022-03-08,825.68,,ft,Approved,,2025-03-11T21:18:57.099472+00:00,e9286e10fdf94482b1ae5281611c9dcc
2022-03-09,825.68,,ft,Approved,,2025-03-11T21:18:57.099472+00:00,e9286e10fdf94482b1ae5281611c9dcc
2022-03-10,825.68,,ft,Approved,,2025-03-11T21:18:57.099472+00:00,e9286e10fdf94482b1ae5281611c9dcc
2022-03-11,825.68,,ft,Approved,,2025-03-11T21:18:57.099472+00:00,e9286e10fdf94482b1ae5281611c9dcc
2022-03-12,825.66,,ft,Approved,,2025-03-11T21:18:57.099472+00:00,e9286e10fdf94482b1ae5281611c9dcc
2022-03-13,825.66,,ft,Approved,,2025-03-11T21:18:57.099472+00:00,e9286e10fdf94482b1ae5281611c9dcc
2022-03-14,825.67,,ft,Approved,,2025-03-11T21:18:57.099472+00:00,e9286e10fdf94482b1ae5281611c9dcc
2022-03-15,825.66,,ft,Approved,,2025-03-11T21:18:57.099472+00:00,e9286e10fdf94482b1ae5281611c9dcc
2022-03-16,825.65,,ft,Approved,,2025-03-11T21:18:57.099472+00:00,e9286e10fdf94482b1ae5281611c9dcc
2022-03-17,825.65,,ft,Approved,,2025-03-11T21:18:57.099472+00:00,e9286e10fdf94482b1ae5281611c9dcc
2022-03-18,825.64,,ft,Approved,,2025-03-11T21:18:57.099472+00:00,e9286e10fdf94482b1ae5281611c9dcc
2022-03-19,825.63,,ft,Approved,,2025-03-11T21:18:57.099472+00:00,e9286e10fdf94482b1ae5281611c9dcc
2022-03-20,825.63,,ft,Approved,,2025-03-11T21:18:57.099472+00:00,e9286e10fdf94482b1ae5281611c9dcc
2022-03-21,825.96,,ft,Approved,,2025-03-11T21:18:57.099472+00:00,e9286e10fdf94482b1ae5281611c9dcc
2022-03-22,828.51,,ft,Approved,,2025-03-11T21:18:57.099472+00:00,e9286e10fdf94482b1ae5281611c9dcc
2022-03-23,827.05,,ft,Approved,,2025-03-11T21:18:57.099472+00:00,e9286e10fdf94482b1ae5281611c9dcc
2022-03-24,826.46,,ft,Approved,,2025-03-11T21:18:57.099472+00:00,e9286e10fdf94482b1ae5281611c9dcc
2022-03-25,826.18,,ft,Approved,,2025-03-11T21:18:57.099472+00:00,e9286e10fdf94482b1ae5281611c9dcc
2022-03-26,826.03,,ft,Approved,,2025-03-11T21:18:57.099472+00:00,e9286e10fdf94482b1ae5281611c9dcc
2022-03-27,825.93,,ft,Approved,,2025-03-11T21:18:57.099472+00:00,e9286e10fdf94482b1ae5281611c9dcc
2022-03-28,825.88,,ft,Approved,,2025-03-11T21:18:57.099472+00:00,e9286e10fdf94482b1ae5281611c9dcc
2022-03-29,825.84,,ft,Approved,,2025-03-11T21:18:57.099472+00:00,e9286e10fdf94482b1ae5281611c9dcc
2022-03-30,825.87,,ft,Approved,,2025-03-11T21:18:57.099472+00:00,e9286e10fdf94482b1ae5281611c9dcc
2022-03-31,825.86,,ft,Approved,,2025-03-11T21:18:57.099472+00:00,e9286e10fdf94482b1ae5281611c9dcc
2022-04-01,825.81,,ft,Approved,,2025-03-11T21:18:57.099472+00:00,e9286e10fdf94482b1ae5281611c9dcc
2022-04-02,825.78,,ft,Approved,,2025-03-11T21:18:57.099472+00:00,e9286e10fdf94482b1ae5281611c9dcc
2022-04-03,825.75,,ft,Approved,,2025-03-11T21:18:57.099472+00:00,e9286e10fdf94482b1ae5281611c9dcc
2022-04-04,825.73,,ft,Approved,,2025-03-11T21:18:57.099472+00:00,e9286e10fdf94482b1ae5281611c9dcc
2022-04-05,825.73,,ft,Approved,,2025-03-11T21:18:57.099472+00:00,e9286e10fdf94482b1ae5281611c9dcc
2022-04-06,825.7,,ft,Approved,,2025-03-11T21:18:57.099472+00:00,e9286e10fdf94482b1ae5281611c9dcc
2022-04-07,825.66,,ft,Approved,,2025-03-11T21:18:57.099472+00:00,e9286e10fdf94482b1ae5281611c9dcc
2022-04-08,825.64,,ft,Approved,,2025-03-11T21:18:57.099472+00:00,e9286e10fdf94482b1ae5281611c9dcc
2022-04-09,825.64,,ft,Approved,,2025-03-11T21:18:57.099472+00:00,e9286e10fdf94482b1ae5281611c9dcc
2022-04-10,825.63,,ft,Approved,,2025-03-11T21:18:57.099472+00:00,e9286e10fdf94482b1ae5281611c9dcc
2022-04-11,825.64,,ft,Approved,,2025-03-11T21:18:57.099472+00:00,e9286e10fdf94482b1ae5281611c9dcc
2022-04-12,825.65,,ft,Approved,,2025-03-11T21:18:57.099472+00:00,e9286e10fdf94482b1ae5281611c9dcc
2022-04-13,825.65,,ft,Approved,,2025-03-11T21:18:57.099472+00:00,e9286e10fdf94482b1ae5281611c9dcc
2022-04-14,825.63,,ft,Approved,,2025-03-11T21:18:57.099472+00:00,e9286e10fdf94482b1ae5281611c9dcc
2022-04-15,825.62,,ft,Approved,,2025-03-11T21:18:57.099472+00:00,e9286e10fdf94482b1ae5281611c9dcc
2022-04-16,825.63,,ft,Approved,,2025-03-11T21:18:57.099472+00:00,e9286e10fdf94482b1ae5281611c9dcc
2022-04-17,825.63,,ft,Approved,,2025-03-11T21:18:57.099472+00:00,e9286e10fdf94482b1ae5281611c9dcc
2022-04-18,825.62,,ft,Approved,,2025-03-11T21:18:57.099472+00:00,e9286e10fdf94482b1ae5281611c9dcc
2022-04-19,825.6,,ft,Approved,,2025-03-11T21:18:57.099472+00:00,e9286e10fdf94482b1ae5281611c9dcc
2022-04-20,825.62,,ft,Approved,,2025-03-11T21:18:57.099472+00:00,e9286e10fdf94482b1ae5281611c9dcc
2022-04-21,825.64,,ft,Approved,,2025-03-11T21:18:57.099472+00:00,e9286e10fdf94482b1ae5281611c9dcc
2022-04-22,825.63,,ft,Approved,,2025-03-11T21:18:57.099472+00:00,e9286e10fdf94482b1ae5281611c9dcc
2022-04-23,825.62,,ft,Approved,,2025-03-11T21:18:57.099472+00:00,e9286e10fdf94482b1ae5281611c9dcc
2022-04-24,825.6,,ft,Approved,,2025-03-11T21:18:57.099472+00:00,e9286e10fdf94482b1ae5281611c9dcc
2022-04-25,825.67,,ft,Approved,,2025-03-11T21:18:57.099472+00:00,e9286e10fdf94482b1ae5281611c9dcc
2022-04-26,825.99,,ft,Approved,,2025-03-11T21:18:57.099472+00:00,e9286e10fdf94482b1ae5281611c9dcc
2022-04-27,825.88,,ft,Approved,,2025-03-11T21:18:57.099472+00:00,e9286e10fdf94482b1ae5281611c9dcc
2022-04-28,825.79,,ft,Approved,,2025-03-11T21:18:57.099472+00:00,e9286e10fdf94482b1ae5281611c9dcc
2022-04-29,825.73,,ft,Approved,,2025-03-11T21:18:57.099472+00:00,e9286e10fdf94482b1ae5281611c9dcc
2022-04-30,825.7,,ft,Approved,,2025-03-11T21:18:57.099472+00:00,e9286e10fdf94482b1ae5281611c9dcc
2022-05-01,825.67,,ft,Approved,,2025-03-11T21:18:57.099472+00:00,e9286e10fdf94482b1ae5281611c9dcc
2022-05-02,825.66,,ft,Approved,,2025-03-11T21:18:57.099472+00:00,e9286e10fdf94482b1ae5281611c9dcc
2022-05-03,825.63,,ft,Approved,,2025-03-11T21:18:57.099472+00:00,e9286e10fdf94482b1ae5281611c9dcc
2022-05-04,825.61,,ft,Approved,,2025-03-11T21:18:57.099472+00:00,e9286e10fdf94482b1ae5281611c9dcc
2022-05-05,825.65,,ft,Approved,,2025-03-11T21:18:57.099472+00:00,e9286e10fdf94482b1ae5281611c9dcc
2022-05-06,825.77,,ft,Approved,,2025-03-11T21:18:57.099472+00:00,e9286e10fdf94482b1ae5281611c9dcc
2022-05-07,825.72,,ft,Approved,,2025-03-11T21:18:57.099472+00:00,e9286e10fdf94482b1ae5281611c9dcc
2022-05-08,825.67,,ft,Approved,,2025-03-11T21:18:57.099472+00:00,e9286e10fdf94482b1ae5281611c9dcc
2022-05-09,825.63,,ft,Approved,,2025-03-11T21:18:57.099472+00:00,e9286e10fdf94482b1ae5281611c9dcc
2022-05-10,825.6,,ft,Approved,,2025-03-11T21:18:57.099472+00:00,e9286e10fdf94482b1ae5281611c9dcc
2022-05-11,825.57,,ft,Approved,,2025-03-11T21:18:57.099472+00:00,e9286e10fdf94482b1ae5281611c9dcc
2022-05-12,825.54,,ft,Approved,,2025-03-11T21:18:57.099472+00:00,e9286e10fdf94482b1ae5281611c9dcc
2022-05-13,825.52,,ft,Approved,,2025-03-11T21:18:57.099472+00:00,e9286e10fdf94482b1ae5281611c9dcc
2022-05-14,825.5,,ft,Approved,,2025-03-11T21:18:57.099472+00:00,e9286e10fdf94482b1ae5281611c9dcc
2022-05-15,825.49,,ft,Approved,,2025-03-11T21:18:57.099472+00:00,e9286e10fdf94482b1ae5281611c9dcc
2022-05-16,825.47,,ft,Approved,,2025-03-11T21:18:57.099472+00:00,e9286e10fdf94482b1ae5281611c9dcc
2022-05-17,825.46,,ft,Approved,,2025-03-11T21:18:57.099472+00:00,e9286e10fdf94482b1ae5281611c9dcc
2022-05-18,825.44,,ft,Approved,,2025-03-11T21:18:57.099472+00:00,e9286e10fdf94482b1ae5281611c9dcc
2022-05-19,825.43,,ft,Approved,,2025-03-11T21:18:57.099472+00:00,e9286e10fdf94482b1ae5281611c9dcc
2022-05-20,825.42,,ft,Approved,,2025-03-11T21:18:57.099472+00:00,e9286e10fdf94482b1ae5281611c9dcc
2022-05-21,825.42,,ft,Approved,,2025-03-11T21:18:57.099472+00:00,e9286e10fdf94482b1ae5281611c9dcc
2022-05-22,825.63,,ft,Approved,,2025-03-11T21:18:57.099472+00:00,e9286e10fdf94482b1ae5281611c9dcc
2022-05-23,825.69,,ft,Approved,,2025-03-11T21:18:57.099472+00:00,e9286e10fdf94482b1ae5281611c9dcc
2022-05-24,825.65,,ft,Approved,,2025-03-11T21:18:57.099472+00:00,e9286e10fdf94482b1ae5281611c9dcc
2022-05-25,826.61,,ft,Approved,,2025-03-11T21:18:57.099472+00:00,e9286e10fdf94482b1ae5281611c9dcc
2022-05-26,826.38,,ft,Approved,,2025-03-11T21:18:57.099472+00:00,e9286e10fdf94482b1ae5281611c9dcc
2022-05-27,826.04,,ft,Approved,,2025-03-11T21:18:57.099472+00:00,e9286e10fdf94482b1ae5281611c9dcc
2022-05-28,825.85,,ft,Approved,,2025-03-11T21:18:57.099472+00:00,e9286e10fdf94482b1ae5281611c9dcc
2022-05-29,825.74,,ft,Approved,,2025-03-11T21:18:57.099472+00:00,e9286e10fdf94482b1ae5281611c9dcc
2022-05-30,825.66,,ft,Approved,,2025-03-11T21:18:57.099472+00:00,e9286e10fdf94482b1ae5281611c9dcc
2022-05-31,825.62,,ft,Approved,,2025-03-11T21:18:57.099472+00:00,e9286e10fdf94482b1ae5281611c9dcc
2022-06-01,825.58,,ft,Approved,,2025-03-11T21:18:57.099472+00:00,e9286e10fdf94482b1ae5281611c9dcc
2022-06-02,825.58,,ft,Approved,,2025-03-11T21:18:57.099472+00:00,e9286e10fdf94482b1ae5281611c9dcc
2022-06-03,825.58,,ft,Approved,,2025-03-11T21:18:57.099472+00:00,e9286e10fdf94482b1ae5281611c9dcc
2022-06-04,826.12,,ft,Approved,,2025-03-11T21:18:57.099472+00:00,e9286e10fdf94482b1ae5281611c9dcc
2022-06-05,826.37,,ft,Approved,,2025-03-11T21:18:57.099472+00:00,e9286e10fdf94482b1ae5281611c9dcc
2022-06-06,826.02,,ft,Approved,,2025-03-11T21:18:57.099472+00:00,e9286e10fdf94482b1ae5281611c9dcc
2022-06-07,825.83,,ft,Approved,,2025-03-11T21:18:57.099472+00:00,e9286e10fdf94482b1ae5281611c9dcc
2022-06-08,825.72,,ft,Approved,,2025-03-11T21:18:57.099472+00:00,e9286e10fdf94482b1ae5281611c9dcc
2022-06-09,825.65,,ft,Approved,,2025-03-11T21:18:57.099472+00:00,e9286e10fdf94482b1ae5281611c9dcc
2022-06-10,825.61,,ft,Approved,,2025-03-11T21:18:57.099472+00:00,e9286e10fdf94482b1ae5281611c9dcc
2022-06-11,825.57,,ft,Approved,,2025-03-11T21:18:57.099472+00:00,e9286e10fdf94482b1ae5281611c9dcc
2022-06-12,825.54,,ft,Approved,,2025-03-11T21:18:57.099472+00:00,e9286e10fdf94482b1ae5281611c9dcc
2022-06-13,825.5,,ft,Approved,,2025-03-11T21:18:57.099472+00:00,e9286e10fdf94482b1ae5281611c9dcc
2022-06-14,825.47,,ft,Approved,,2025-03-11T21:18:57.099472+00:00,e9286e10fdf94482b1ae5281611c9dcc
2022-06-15,825.45,,ft,Approved,,2025-03-11T21:18:57.099472+00:00,e9286e10fdf94482b1ae5281611c9dcc
2022-06-16,825.44,,ft,Approved,,2025-03-11T21:18:57.099472+00:00,e9286e10fdf94482b1ae5281611c9dcc
2022-06-17,825.43,,ft,Approved,,2025-03-11T21:18:57.099472+00:00,e9286e10fdf94482b1ae5281611c9dcc
2022-06-18,825.41,,ft,Approved,,2025-03-11T21:18:57.099472+00:00,e9286e10fdf94482b1ae5281611c9dcc
2022-06-19,825.38,,ft,Approved,,2025-03-11T21:18:57.099472+00:00,e9286e10fdf94482b1ae5281611c9dcc
2022-06-20,825.36,,ft,Approved,,2025-03-11T21:18:57.099472+00:00,e9286e10fdf94482b1ae5281611c9dcc
2022-06-21,825.34,,ft,Approved,,2025-03-11T21:18:57.099472+00:00,e9286e10fdf94482b1ae5281611c9dcc
2022-06-22,825.33,,ft,Approved,,2025-03-11T21:18:57.099472+00:00,e9286e10fdf94482b1ae5281611c9dcc
2022-06-23,825.32,,ft,Approved,,2025-03-11T21:18:57.099472+00:00,e9286e10fdf94482b1ae5281611c9dcc
2022-06-24,825.29,,ft,Approved,,2025-03-11T21:18:57.099472+00:00,e9286e10fdf94482b1ae5281611c9dcc
2022-06-25,825.27,,ft,Approved,,2025-03-11T21:18:57.099472+00:00,e9286e10fdf94482b1ae5281611c9dcc
2022-06-26,825.24,,ft,Approved,,2025-03-11T21:18:57.099472+00:00,e9286e10fdf94482b1ae5281611c9dcc
2022-06-27,825.23,,ft,Approved,,2025-03-11T21:18:57.099472+00:00,e9286e10fdf94482b1ae5281611c9dcc
2022-06-28,825.67,,ft,Approved,,2025-03-11T21:18:57.099472+00:00,e9286e10fdf94482b1ae5281611c9dcc
2022-06-29,825.76,,ft,Approved,,2025-03-11T21:18:57.099472+00:00,e9286e10fdf94482b1ae5281611c9dcc
2022-06-30,825.67,,ft,Approved,,2025-03-11T21:18:57.099472+00:00,e9286e10fdf94482b1ae5281611c9dcc
2022-07-01,825.59,,ft,Approved,,2025-03-11T21:18:57.099472+00:00,e9286e10fdf94482b1ae5281611c9dcc
2022-07-02,825.55,,ft,Approved,,2025-03-11T21:18:57.099472+00:00,e9286e10fdf94482b1ae5281611c9dcc
2022-07-03,825.5,,ft,Approved,,2025-03-11T21:18:57.099472+00:00,e9286e10fdf94482b1ae5281611c9dcc
2022-07-04,825.45,,ft,Approved,,2025-03-11T21:18:57.099472+00:00,e9286e10fdf94482b1ae5281611c9dcc
2022-07-05,825.42,,ft,Approved,,2025-03-11T21:18:57.099472+00:00,e9286e10fdf94482b1ae5281611c9dcc
2022-07-06,825.4,,ft,Approved,,2025-03-11T21:18:57.099472+00:00,e9286e10fdf94482b1ae5281611c9dcc
2022-07-07,825.37,,ft,Approved,,2025-03-11T21:18:57.099472+00:00,e9286e10fdf94482b1ae5281611c9dcc
2022-07-08,825.34,,ft,Approved,,2025-03-11T21:18:57.099472+00:00,e9286e10fdf94482b1ae5281611c9dcc
2022-07-09,825.32,,ft,Approved,,2025-03-11T21:18:57.099472+00:00,e9286e10fdf94482b1ae5281611c9dcc
2022-07-10,825.3,,ft,Approved,,2025-03-11T21:18:57.099472+00:00,e9286e10fdf94482b1ae5281611c9dcc
2022-07-11,825.29,,ft,Approved,,2025-03-11T21:18:57.099472+00:00,e9286e10fdf94482b1ae5281611c9dcc
2022-07-12,825.27,,ft,Approved,,2025-03-11T21:18:57.099472+00:00,e9286e10fdf94482b1ae5281611c9dcc
2022-07-13,825.26,,ft,Approved,,2025-03-11T21:18:57.099472+00:00,e9286e10fdf94482b1ae5281611c9dcc
2022-07-14,825.23,,ft,Approved,,2025-03-11T21:18:57.099472+00:00,e9286e10fdf94482b1ae5281611c9dcc
2022-07-15,825.2,,ft,Approved,,2025-03-11T21:18:57.099472+00:00,e9286e10fdf94482b1ae5281611c9dcc
2022-07-16,825.18,,ft,Approved,,2025-03-11T21:18:57.099472+00:00,e9286e10fdf94482b1ae5281611c9dcc
2022-07-17,825.15,,ft,Approved,,2025-03-11T21:18:57.099472+00:00,e9286e10fdf94482b1ae5281611c9dcc
2022-07-18,825.12,,ft,Approved,,2025-03-11T21:18:57.099472+00:00,e9286e10fdf94482b1ae5281611c9dcc
2022-07-19,825.08,,ft,Approved,,2025-03-11T21:18:57.099472+00:00,e9286e10fdf94482b1ae5281611c9dcc
2022-07-20,825.05,,ft,Approved,,2025-03-11T21:18:57.099472+00:00,e9286e10fdf94482b1ae5281611c9dcc
2022-07-21,825.02,,ft,Approved,,2025-03-11T21:18:57.099472+00:00,e9286e10fdf94482b1ae5281611c9dcc
2022-07-22,824.98,,ft,Approved,,2025-03-11T21:18:57.099472+00:00,e9286e10fdf94482b1ae5281611c9dcc
2022-07-23,824.97,,ft,Approved,LESSTHAN,2025-03-11T21:18:57.099472+00:00,e9286e10fdf94482b1ae5281611c9dcc
2022-07-24,824.96,,ft,Approved,LESSTHAN,2025-03-11T21:18:57.099472+00:00,e9286e10fdf94482b1ae5281611c9dcc
2022-07-25,824.96,,ft,Approved,LESSTHAN,2025-03-11T21:18:57.099472+00:00,e9286e10fdf94482b1ae5281611c9dcc
2022-07-26,824.96,,ft,Approved,LESSTHAN,2025-03-11T21:18:57.099472+00:00,e9286e10fdf94482b1ae5281611c9dcc
2022-07-27,824.96,,ft,Approved,LESSTHAN,2025-03-11T21:18:57.099472+00:00,e9286e10fdf94482b1ae5281611c9dcc
2022-07-28,824.96,,ft,Approved,LESSTHAN,2025-03-11T21:18:57.099472+00:00,e9286e10fdf94482b1ae5281611c9dcc
2022-07-29,824.96,,ft,Approved,LESSTHAN,2025-03-11T21:18:57.099472+00:00,e9286e10fdf94482b1ae5281611c9dcc
2022-07-30,824.96,,ft,Approved,LESSTHAN,2025-03-11T21:18:57.099472+00:00,e9286e10fdf94482b1ae5281611c9dcc
2022-07-31,824.96,,ft,Approved,LESSTHAN,2025-03-11T21:18:57.099472+00:00,e9286e10fdf94482b1ae5281611c9dcc
2022-08-01,824.96,,ft,Approved,LESSTHAN,2025-03-11T21:18:57.099472+00:00,e9286e10fdf94482b1ae5281611c9dcc
2022-08-02,824.96,,ft,Approved,LESSTHAN,2025-03-11T21:18:57.099472+00:00,e9286e10fdf94482b1ae5281611c9dcc
2022-08-03,824.96,,ft,Approved,LESSTHAN,2025-03-11T21:18:57.099472+00:00,e9286e10fdf94482b1ae5281611c9dcc
2022-08-04,824.96,,ft,Approved,LESSTHAN,2025-03-11T21:18:57.099472+00:00,e9286e10fdf94482b1ae5281611c9dcc
2022-08-05,824.96,,ft,Approved,LESSTHAN,2025-03-11T21:18:57.099472+00:00,e9286e10fdf94482b1ae5281611c9dcc
2022-08-06,824.96,,ft,Approved,LESSTHAN,2025-03-11T21:18:57.099472+00:00,e9286e10fdf94482b1ae5281611c9dcc
2022-08-07,824.96,,ft,Approved,LESSTHAN,2025-03-11T21:18:57.099472+00:00,e9286e10fdf94482b1ae5281611c9dcc
2022-08-08,824.96,,ft,Approved,LESSTHAN,2025-03-11T21:18:57.099472+00:00,e9286e10fdf94482b1ae5281611c9dcc
2022-08-09,824.96,,ft,Approved,LESSTHAN,2025-03-11T21:18:57.099472+00:00,e9286e10fdf94482b1ae5281611c9dcc
2022-08-10,824.96,,ft,Approved,LESSTHAN,2025-03-11T21:18:57.099472+00:00,e9286e10fdf94482b1ae5281611c9dcc
2022-08-11,824.96,,ft,Approved,LESSTHAN,2025-03-11T21:18:57.099472+00:00,e9286e10fdf94482b1ae5281611c9dcc
2022-08-12,824.96,,ft,Approved,LESSTHAN,2025-03-11T21:18:57.099472+00:00,e9286e10fdf94482b1ae5281611c9dcc
2022-08-13,824.96,,ft,Approved,LESSTHAN,2025-03-11T21:18:57.099472+00:00,e9286e10fdf94482b1ae5281611c9dcc
2022-08-14,824.96,,ft,Approved,LESSTHAN,2025-03-11T21:18:57.099472+00:00,e9286e10fdf94482b1ae5281611c9dcc
2022-08-15,824.96,,ft,Approved,LESSTHAN,2025-03-11T21:18:57.099472+00:00,e9286e10fdf94482b1ae5281611c9dcc
2022-08-16,824.96,,ft,Approved,LESSTHAN,2025-03-11T21:18:57.099472+00:00,e9286e10fdf94482b1ae5281611c9dcc
2022-08-17,824.96,,ft,Approved,LESSTHAN,2025-03-11T21:18:57.099472+00:00,e9286e10fdf94482b1ae5281611c9dcc
2022-08-18,824.96,,ft,Approved,LESSTHAN,2025-03-11T21:18:57.099472+00:00,e9286e10fdf94482b1ae5281611c9dcc
2022-08-19,825.38,,ft,Approved,LESSTHAN,2025-03-11T21:18:57.099472+00:00,e9286e10fdf94482b1ae5281611c9dcc
2022-08-20,826.75,,ft,Approved,,2026-01-16T00:01:52.041479+00:00,e9286e10fdf94482b1ae5281611c9dcc
2022-08-21,826.29,,ft,Approved,,2025-03-11T21:18:57.099472+00:00,e9286e10fdf94482b1ae5281611c9dcc
2022-08-22,826.11,,ft,Approved,,2025-03-11T21:18:57.099472+00:00,e9286e10fdf94482b1ae5281611c9dcc
2022-08-23,826.64,,ft,Approved,,2025-03-11T21:18:57.099472+00:00,e9286e10fdf94482b1ae5281611c9dcc
2022-08-24,826.27,,ft,Approved,,2025-03-11T21:18:57.099472+00:00,e9286e10fdf94482b1ae5281611c9dcc
2022-08-25,826.0,,ft,Approved,,2025-03-11T21:18:57.099472+00:00,e9286e10fdf94482b1ae5281611c9dcc
2022-08-26,825.84,,ft,Approved,,2025-03-11T21:18:57.099472+00:00,e9286e10fdf94482b1ae5281611c9dcc
2022-08-27,825.82,,ft,Approved,,2025-03-11T21:18:57.099472+00:00,e9286e10fdf94482b1ae5281611c9dcc
2022-08-28,828.56,,ft,Approved,,2025-03-11T21:18:57.099472+00:00,e9286e10fdf94482b1ae5281611c9dcc
2022-08-29,827.1,,ft,Approved,,2025-03-11T21:18:57.099472+00:00,e9286e10fdf94482b1ae5281611c9dcc
2022-08-30,826.57,,ft,Approved,,2025-03-11T21:18:57.099472+00:00,e9286e10fdf94482b1ae5281611c9dcc
2022-08-31,826.63,,ft,Approved,,2025-03-11T21:18:57.099472+00:00,e9286e10fdf94482b1ae5281611c9dcc
2022-09-01,826.8,,ft,Approved,,2025-03-11T21:18:57.099472+00:00,e9286e10fdf94482b1ae5281611c9dcc
2022-09-02,826.45,,ft,Approved,,2025-03-11T21:18:57.099472+00:00,e9286e10fdf94482b1ae5281611c9dcc
2022-09-03,826.16,,ft,Approved,,2025-03-11T21:18:57.099472+00:00,e9286e10fdf94482b1ae5281611c9dcc
2022-09-04,826.08,,ft,Approved,,2025-03-11T21:18:57.099472+00:00,e9286e10fdf94482b1ae5281611c9dcc
2022-09-05,825.97,,ft,Approved,,2025-03-11T21:18:57.099472+00:00,e9286e10fdf94482b1ae5281611c9dcc
2022-09-06,825.87,,ft,Approved,,2025-03-11T21:18:57.099472+00:00,e9286e10fdf94482b1ae5281611c9dcc
2022-09-07,825.81,,ft,Approved,,2025-03-11T21:18:57.099472+00:00,e9286e10fdf94482b1ae5281611c9dcc
2022-09-08,825.8,,ft,Approved,,2025-03-11T21:18:57.099472+00:00,e9286e10fdf94482b1ae5281611c9dcc
2022-09-09,825.76,,ft,Approved,,2025-03-11T21:18:57.099472+00:00,e9286e10fdf94482b1ae5281611c9dcc
2022-09-10,825.71,,ft,Approved,,2025-03-11T21:18:57.099472+00:00,e9286e10fdf94482b1ae5281611c9dcc
2022-09-11,825.67,,ft,Approved,,2025-03-11T21:18:57.099472+00:00,e9286e10fdf94482b1ae5281611c9dcc
2022-09-12,825.64,,ft,Approved,,2025-03-11T21:18:57.099472+00:00,e9286e10fdf94482b1ae5281611c9dcc
2022-09-13,825.62,,ft,Approved,,2025-03-11T21:18:57.099472+00:00,e9286e10fdf94482b1ae5281611c9dcc
2022-09-14,825.6,,ft,Approved,,2025-03-11T21:18:57.099472+00:00,e9286e10fdf94482b1ae5281611c9dcc
2022-09-15,825.58,,ft,Approved,,2025-03-11T21:18:57.099472+00:00,e9286e10fdf94482b1ae5281611c9dcc
2022-09-16,825.57,,ft,Approved,,2025-03-11T21:18:57.099472+00:00,e9286e10fdf94482b1ae5281611c9dcc
2022-09-17,825.56,,ft,Approved,,2025-03-11T21:18:57.099472+00:00,e9286e10fdf94482b1ae5281611c9dcc
2022-09-18,825.55,,ft,Approved,,2025-03-11T21:18:57.099472+00:00,e9286e10fdf94482b1ae5281611c9dcc
2022-09-19,825.54,,ft,Approved,,2025-03-11T21:18:57.099472+00:00,e9286e10fdf94482b1ae5281611c9dcc
2022-09-20,825.53,,ft,Approved,,2025-03-11T21:18:57.099472+00:00,e9286e10fdf94482b1ae5281611c9dcc
2022-09-21,825.51,,ft,Approved,,2025-03-11T21:18:57.099472+00:00,e9286e10fdf94482b1ae5281611c9dcc
2022-09-22,825.49,,ft,Approved,,2025-03-11T21:18:57.099472+00:00,e9286e10fdf94482b1ae5281611c9dcc
2022-09-23,825.48,,ft,Approved,,2025-03-11T21:18:57.099472+00:00,e9286e10fdf94482b1ae5281611c9dcc
2022-09-24,825.46,,ft,Approved,,2025-03-11T21:18:57.099472+00:00,e9286e10fdf94482b1ae5281611c9dcc
2022-09-25,825.45,,ft,Approved,,2025-03-11T21:18:57.099472+00:00,e9286e10fdf94482b1ae5281611c9dcc
2022-09-26,825.42,,ft,Approved,,2025-03-11T21:18:57.099472+00:00,e9286e10fdf94482b1ae5281611c9dcc
2022-09-27,825.4,,ft,Approved,,2025-03-11T21:18:57.099472+00:00,e9286e10fdf94482b1ae5281611c9dcc
2022-09-28,825.41,,ft,Approved,,2025-03-11T21:18:57.099472+00:00,e9286e10fdf94482b1ae5281611c9dcc
2022-09-29,825.41,,ft,Approved,,2025-03-11T21:18:57.099472+00:00,e9286e10fdf94482b1ae5281611c9dcc
2022-09-30,825.41,,ft,Approved,,2025-03-11T21:18:57.099472+00:00,e9286e10fdf94482b1ae5281611c9dcc
2022-10-01,825.4,,ft,Approved,,2025-03-11T21:18:57.099472+00:00,e9286e10fdf94482b1ae5281611c9dcc
2022-10-02,825.38,,ft,Approved,,2025-03-11T21:18:57.099472+00:00,e9286e10fdf94482b1ae5281611c9dcc
2022-10-03,825.38,,ft,Approved,,2025-03-11T21:18:57.099472+00:00,e9286e10fdf94482b1ae5281611c9dcc
2022-10-04,825.38,,ft,Approved,,2025-03-11T21:18:57.099472+00:00,e9286e10fdf94482b1ae5281611c9dcc
2022-10-05,825.38,,ft,Approved,,2025-03-11T21:18:57.099472+00:00,e9286e10fdf94482b1ae5281611c9dcc
2022-10-06,825.38,,ft,Approved,,2025-03-11T21:18:57.099472+00:00,e9286e10fdf94482b1ae5281611c9dcc
2022-10-07,825.37,,ft,Approved,,2025-03-11T21:18:57.099472+00:00,e9286e10fdf94482b1ae5281611c9dcc
2022-10-08,825.37,,ft,Approved,,2025-03-11T21:18:57.099472+00:00,e9286e10fdf94482b1ae5281611c9dcc
2022-10-09,825.37,,ft,Approved,,2025-03-11T21:18:57.099472+00:00,e9286e10fdf94482b1ae5281611c9dcc
2022-10-10,825.36,,ft,Approved,,2025-03-11T21:18:57.099472+00:00,e9286e10fdf94482b1ae5281611c9dcc
2022-10-11,825.35,,ft,Approved,,2025-03-11T21:18:57.099472+00:00,e9286e10fdf94482b1ae5281611c9dcc
2022-10-12,825.35,,ft,Approved,,2025-03-11T21:18:57.099472+00:00,e9286e10fdf94482b1ae5281611c9dcc
2022-10-13,825.34,,ft,Approved,,2025-03-11T21:18:57.099472+00:00,e9286e10fdf94482b1ae5281611c9dcc
2022-10-14,825.33,,ft,Approved,,2025-03-11T21:18:57.099472+00:00,e9286e10fdf94482b1ae5281611c9dcc
2022-10-15,825.34,,ft,Approved,,2025-03-11T21:18:57.099472+00:00,e9286e10fdf94482b1ae5281611c9dcc
2022-10-16,825.34,,ft,Approved,,2025-03-11T21:18:57.099472+00:00,e9286e10fdf94482b1ae5281611c9dcc
2022-10-17,827.23,,ft,Approved,,2025-03-11T21:18:57.099472+00:00,e9286e10fdf94482b1ae5281611c9dcc
2022-10-18,826.66,,ft,Approved,,2025-03-11T21:18:57.099472+00:00,e9286e10fdf94482b1ae5281611c9dcc
2022-10-19,826.18,,ft,Approved,,2025-03-11T21:18:57.099472+00:00,e9286e10fdf94482b1ae5281611c9dcc
2022-10-20,825.95,,ft,Approved,,2025-03-11T21:18:57.099472+00:00,e9286e10fdf94482b1ae5281611c9dcc
2022-10-21,825.81,,ft,Approved,,2025-03-11T21:18:57.099472+00:00,e9286e10fdf94482b1ae5281611c9dcc
2022-10-22,825.73,,ft,Approved,,2025-03-11T21:18:57.099472+00:00,e9286e10fdf94482b1ae5281611c9dcc
2022-10-23,825.67,,ft,Approved,,2025-03-11T21:18:57.099472+00:00,e9286e10fdf94482b1ae5281611c9dcc
2022-10-24,825.66,,ft,Approved,,2025-03-11T21:18:57.099472+00:00,e9286e10fdf94482b1ae5281611c9dcc
2022-10-25,826.18,,ft,Approved,,2025-03-11T21:18:57.099472+00:00,e9286e10fdf94482b1ae5281611c9dcc
2022-10-26,826.04,,ft,Approved,,2025-03-11T21:18:57.099472+00:00,e9286e10fdf94482b1ae5281611c9dcc
2022-10-27,825.87,,ft,Approved,,2025-03-11T21:18:57.099472+00:00,e9286e10fdf94482b1ae5281611c9dcc
2022-10-28,826.52,,ft,Approved,,2025-03-11T21:18:57.099472+00:00,e9286e10fdf94482b1ae5281611c9dcc
2022-10-29,826.73,,ft,Approved,,2025-03-11T21:18:57.099472+00:00,e9286e10fdf94482b1ae5281611c9dcc
2022-10-30,826.28,,ft,Approved,,2025-03-11T21:18:57.099472+00:00,e9286e10fdf94482b1ae5281611c9dcc
2022-10-31,826.03,,ft,Approved,,2025-03-11T21:18:57.099472+00:00,e9286e10fdf94482b1ae5281611c9dcc
2022-11-01,825.91,,ft,Approved,,2025-03-11T21:18:57.099472+00:00,e9286e10fdf94482b1ae5281611c9dcc
2022-11-02,825.83,,ft,Approved,,2025-03-11T21:18:57.099472+00:00,e9286e10fdf94482b1ae5281611c9dcc
2022-11-03,825.78,,ft,Approved,,2025-03-11T21:18:57.099472+00:00,e9286e10fdf94482b1ae5281611c9dcc
2022-11-04,825.81,,ft,Approved,,2025-03-11T21:18:57.099472+00:00,e9286e10fdf94482b1ae5281611c9dcc
2022-11-05,826.08,,ft,Approved,,2025-03-11T21:18:57.099472+00:00,e9286e10fdf94482b1ae5281611c9dcc
2022-11-06,825.96,,ft,Approved,,2025-03-11T21:18:57.099472+00:00,e9286e10fdf94482b1ae5281611c9dcc
2022-11-07,825.87,,ft,Approved,,2025-03-11T21:18:57.099472+00:00,e9286e10fdf94482b1ae5281611c9dcc
2022-11-08,825.82,,ft,Approved,,2025-03-11T21:18:57.099472+00:00,e9286e10fdf94482b1ae5281611c9dcc
2022-11-09,825.78,,ft,Approved,,2025-03-11T21:18:57.099472+00:00,e9286e10fdf94482b1ae5281611c9dcc
2022-11-10,825.75,,ft,Approved,,2025-03-11T21:18:57.099472+00:00,e9286e10fdf94482b1ae5281611c9dcc
2022-11-11,826.14,,ft,Approved,,2025-03-11T21:18:57.099472+00:00,e9286e10fdf94482b1ae5281611c9dcc
2022-11-12,826.9,,ft,Approved,,2025-03-11T21:18:57.099472+00:00,e9286e10fdf94482b1ae5281611c9dcc
2022-11-13,826.4,,ft,Approved,,2025-03-11T21:18:57.099472+00:00,e9286e10fdf94482b1ae5281611c9dcc
2022-11-14,826.12,,ft,Approved,,2025-03-11T21:18:57.099472+00:00,e9286e10fdf94482b1ae5281611c9dcc
2022-11-15,825.98,,ft,Approved,,2025-03-11T21:18:57.099472+00:00,e9286e10fdf94482b1ae5281611c9dcc
2022-11-16,825.89,,ft,Approved,,2025-03-11T21:18:57.099472+00:00,e9286e10fdf94482b1ae5281611c9dcc
2022-11-17,825.82,,ft,Approved,,2025-03-11T21:18:57.099472+00:00,e9286e10fdf94482b1ae5281611c9dcc
2022-11-18,825.78,,ft,Approved,,2025-03-11T21:18:57.099472+00:00,e9286e10fdf94482b1ae5281611c9dcc
2022-11-19,825.79,,ft,Approved,,2025-03-11T21:18:57.099472+00:00,e9286e10fdf94482b1ae5281611c9dcc
2022-11-20,825.95,,ft,Approved,,2025-03-11T21:18:57.099472+00:00,e9286e10fdf94482b1ae5281611c9dcc
2022-11-21,825.9,,ft,Approved,,2025-03-11T21:18:57.099472+00:00,e9286e10fdf94482b1ae5281611c9dcc
2022-11-22,825.92,,ft,Approved,,2025-03-11T21:18:57.099472+00:00,e9286e10fdf94482b1ae5281611c9dcc
2022-11-23,825.89,,ft,Approved,,2025-03-11T21:18:57.099472+00:00,e9286e10fdf94482b1ae5281611c9dcc
2022-11-24,825.94,,ft,Approved,,2025-03-11T21:18:57.099472+00:00,e9286e10fdf94482b1ae5281611c9dcc
2022-11-25,826.02,,ft,Approved,,2025-03-11T21:18:57.099472+00:00,e9286e10fdf94482b1ae5281611c9dcc
2022-11-26,827.0,,ft,Approved,,2025-03-11T21:18:57.099472+00:00,e9286e10fdf94482b1ae5281611c9dcc
2022-11-27,826.77,,ft,Approved,,2025-03-11T21:18:57.099472+00:00,e9286e10fdf94482b1ae5281611c9dcc
2022-11-28,826.37,,ft,Approved,,2025-03-11T21:18:57.099472+00:00,e9286e10fdf94482b1ae5281611c9dcc
2022-11-29,826.16,,ft,Approved,,2025-03-11T21:18:57.099472+00:00,e9286e10fdf94482b1ae5281611c9dcc
2022-11-30,826.01,,ft,Approved,,2025-03-11T21:18:57.099472+00:00,e9286e10fdf94482b1ae5281611c9dcc
2022-12-01,825.92,,ft,Approved,,2025-03-11T21:18:57.099472+00:00,e9286e10fdf94482b1ae5281611c9dcc
2022-12-02,825.89,,ft,Approved,,2025-03-11T21:18:57.099472+00:00,e9286e10fdf94482b1ae5281611c9dcc
2022-12-03,825.86,,ft,Approved,,2025-03-11T21:18:57.099472+00:00,e9286e10fdf94482b1ae5281611c9dcc
2022-12-04,825.82,,ft,Approved,,2025-03-11T21:18:57.099472+00:00,e9286e10fdf94482b1ae5281611c9dcc
2022-12-05,825.82,,ft,Approved,,2025-03-11T21:18:57.099472+00:00,e9286e10fdf94482b1ae5281611c9dcc
2022-12-06,825.81,,ft,Approved,,2025-03-11T21:18:57.099472+00:00,e9286e10fdf94482b1ae5281611c9dcc
2022-12-07,825.79,,ft,Approved,,2025-03-11T21:18:57.099472+00:00,e9286e10fdf94482b1ae5281611c9dcc
2022-12-08,825.78,,ft,Approved,,2025-03-11T21:18:57.099472+00:00,e9286e10fdf94482b1ae5281611c9dcc
2022-12-09,825.76,,ft,Approved,,2025-03-11T21:18:57.099472+00:00,e9286e10fdf94482b1ae5281611c9dcc
2022-12-10,825.75,,ft,Approved,,2025-03-11T21:18:57.099472+00:00,e9286e10fdf94482b1ae5281611c9dcc
2022-12-11,825.73,,ft,Approved,,2025-03-11T21:18:57.099472+00:00,e9286e10fdf94482b1ae5281611c9dcc
2022-12-12,825.72,,ft,Approved,,2025-03-11T21:18:57.099472+00:00,e9286e10fdf94482b1ae5281611c9dcc
2022-12-13,825.73,,ft,Approved,,2025-03-11T21:18:57.099472+00:00,e9286e10fdf94482b1ae5281611c9dcc
2022-12-14,825.72,,ft,Approved,,2025-03-11T21:18:57.099472+00:00,e9286e10fdf94482b1ae5281611c9dcc
2022-12-15,825.69,,ft,Approved,,2025-03-11T21:18:57.099472+00:00,e9286e10fdf94482b1ae5281611c9dcc
2022-12-16,825.68,,ft,Approved,,2025-03-11T21:18:57.099472+00:00,e9286e10fdf94482b1ae5281611c9dcc
2022-12-17,825.67,,ft,Approved,,2025-03-11T21:18:57.099472+00:00,e9286e10fdf94482b1ae5281611c9dcc
2022-12-18,825.66,,ft,Approved,,2025-03-11T21:18:57.099472+00:00,e9286e10fdf94482b1ae5281611c9dcc
2022-12-19,825.93,,ft,Approved,,2025-03-11T21:18:57.099472+00:00,e9286e10fdf94482b1ae5281611c9dcc
2022-12-20,826.38,,ft,Approved,,2025-03-11T21:18:57.099472+00:00,e9286e10fdf94482b1ae5281611c9dcc
2022-12-21,826.12,,ft,Approved,,2025-03-11T21:18:57.099472+00:00,e9286e10fdf94482b1ae5281611c9dcc
2022-12-22,825.97,,ft,Approved,,2025-03-11T21:18:57.099472+00:00,e9286e10fdf94482b1ae5281611c9dcc
2022-12-23,825.87,,ft,Approved,,2025-03-11T21:18:57.099472+00:00,e9286e10fdf94482b1ae5281611c9dcc
2022-12-24,825.82,,ft,Approved,,2025-03-11T21:18:57.099472+00:00,e9286e10fdf94482b1ae5281611c9dcc
2022-12-25,825.8,,ft,Approved,,2025-03-11T21:18:57.099472+00:00,e9286e10fdf94482b1ae5281611c9dcc
2022-12-26,825.79,,ft,Approved,,2025-03-11T21:18:57.099472+00:00,e9286e10fdf94482b1ae5281611c9dcc
2022-12-27,825.77,,ft,Approved,,2025-03-11T21:18:57.099472+00:00,e9286e10fdf94482b1ae5281611c9dcc
2022-12-28,825.77,,ft,Approved,,2025-03-11T21:18:57.099472+00:00,e9286e10fdf94482b1ae5281611c9dcc
2022-12-29,825.77,,ft,Approved,,2025-03-11T21:18:57.099472+00:00,e9286e10fdf94482b1ae5281611c9dcc
2022-12-30,825.75,,ft,Approved,,2025-03-11T21:18:57.099472+00:00,e9286e10fdf94482b1ae5281611c9dcc
2022-12-31,825.75,,ft,Approved,,2025-03-11T21:18:57.099472+00:00,e9286e10fdf94482b1ae5281611c9dcc
2023-01-01,825.74,,ft,Approved,,2025-03-11T21:18:57.099472+00:00,e9286e10fdf94482b1ae5281611c9dcc
2023-01-02,825.75,,ft,Approved,,2025-03-11T21:18:57.099472+00:00,e9286e10fdf94482b1ae5281611c9dcc
2023-01-03,825.74,,ft,Approved,,2025-03-11T21:18:57.099472+00:00,e9286e10fdf94482b1ae5281611c9dcc
2023-01-04,825.72,,ft,Approved,,2025-03-11T21:18:57.099472+00:00,e9286e10fdf94482b1ae5281611c9dcc
2023-01-05,825.7,,ft,Approved,,2025-03-11T21:18:57.099472+00:00,e9286e10fdf94482b1ae5281611c9dcc
2023-01-06,825.71,,ft,Approved,,2025-03-11T21:18:57.099472+00:00,e9286e10fdf94482b1ae5281611c9dcc
2023-01-07,825.73,,ft,Approved,,2025-03-11T21:18:57.099472+00:00,e9286e10fdf94482b1ae5281611c9dcc
2023-01-08,825.72,,ft,Approved,,2025-03-11T21:18:57.099472+00:00,e9286e10fdf94482b1ae5281611c9dcc
2023-01-09,825.7,,ft,Approved,,2025-03-11T21:18:57.099472+00:00,e9286e10fdf94482b1ae5281611c9dcc
2023-01-10,825.7,,ft,Approved,,2025-03-11T21:18:57.099472+00:00,e9286e10fdf94482b1ae5281611c9dcc
2023-01-11,825.7,,ft,Approved,,2025-03-11T21:18:57.099472+00:00,e9286e10fdf94482b1ae5281611c9dcc
2023-01-12,825.68,,ft,Approved,,2025-03-11T21:18:57.099472+00:00,e9286e10fdf94482b1ae5281611c9dcc
2023-01-13,825.66,,ft,Approved,,2025-03-11T21:18:57.099472+00:00,e9286e10fdf94482b1ae5281611c9dcc
2023-01-14,825.65,,ft,Approved,,2025-03-11T21:18:57.099472+00:00,e9286e10fdf94482b1ae5281611c9dcc
2023-01-15,825.64,,ft,Approved,,2025-03-11T21:18:57.099472+00:00,e9286e10fdf94482b1ae5281611c9dcc
2023-01-16,825.64,,ft,Approved,,2025-03-11T21:18:57.099472+00:00,e9286e10fdf94482b1ae5281611c9dcc
2023-01-17,825.64,,ft,Approved,,2025-03-11T21:18:57.099472+00:00,e9286e10fdf94482b1ae5281611c9dcc
2023-01-18,825.63,,ft,Approved,,2025-03-11T21:18:57.099472+00:00,e9286e10fdf94482b1ae5281611c9dcc
2023-01-19,825.61,,ft,Approved,,2025-03-11T21:18:57.099472+00:00,e9286e10fdf94482b1ae5281611c9dcc
2023-01-20,825.6,,ft,Approved,,2025-03-11T21:18:57.099472+00:00,e9286e10fdf94482b1ae5281611c9dcc
2023-01-21,825.6,,ft,Approved,,2025-03-11T21:18:57.099472+00:00,e9286e10fdf94482b1ae5281611c9dcc
2023-01-22,825.59,,ft,Approved,,2025-03-11T21:18:57.099472+00:00,e9286e10fdf94482b1ae5281611c9dcc
2023-01-23,825.58,,ft,Approved,,2025-03-11T21:18:57.099472+00:00,e9286e10fdf94482b1ae5281611c9dcc
2023-01-24,825.65,,ft,Approved,,2025-03-11T21:18:57.099472+00:00,e9286e10fdf94482b1ae5281611c9dcc
2023-01-25,825.8,,ft,Approved,,2025-03-11T21:18:57.099472+00:00,e9286e10fdf94482b1ae5281611c9dcc
2023-01-26,825.75,,ft,Approved,,2025-03-11T21:18:57.099472+00:00,e9286e10fdf94482b1ae5281611c9dcc
2023-01-27,825.71,,ft,Approved,,2025-03-11T21:18:57.099472+00:00,e9286e10fdf94482b1ae5281611c9dcc
2023-01-28,825.69,,ft,Approved,,2025-03-11T21:18:57.099472+00:00,e9286e10fdf94482b1ae5281611c9dcc
2023-01-29,825.69,,ft,Approved,,2025-03-11T21:18:57.099472+00:00,e9286e10fdf94482b1ae5281611c9dcc
2023-01-30,825.66,,ft,Approved,,2025-03-11T21:18:57.099472+00:00,e9286e10fdf94482b1ae5281611c9dcc
2023-01-31,825.65,,ft,Approved,,2025-03-11T21:18:57.099472+00:00,e9286e10fdf94482b1ae5281611c9dcc
2023-02-01,826.27,,ft,Approved,,2025-03-11T21:18:57.099472+00:00,e9286e10fdf94482b1ae5281611c9dcc
2023-02-02,826.92,,ft,Approved,,2025-03-11T21:18:57.099472+00:00,e9286e10fdf94482b1ae5281611c9dcc
2023-02-03,826.81,,ft,Approved,,2025-03-11T21:18:57.099472+00:00,e9286e10fdf94482b1ae5281611c9dcc
2023-02-04,826.43,,ft,Approved,,2025-03-11T21:18:57.099472+00:00,e9286e10fdf94482b1ae5281611c9dcc
2023-02-05,826.21,,ft,Approved,,2025-03-11T21:18:57.099472+00:00,e9286e10fdf94482b1ae5281611c9dcc
2023-02-06,826.09,,ft,Approved,,2025-03-11T21:18:57.099472+00:00,e9286e10fdf94482b1ae5281611c9dcc
2023-02-07,826.01,,ft,Approved,,2025-03-11T21:18:57.099472+00:00,e9286e10fdf94482b1ae5281611c9dcc
2023-02-08,826.61,,ft,Approved,,2025-03-11T21:18:57.099472+00:00,e9286e10fdf94482b1ae5281611c9dcc
2023-02-09,826.5,,ft,Approved,,2025-03-11T21:18:57.099472+00:00,e9286e10fdf94482b1ae5281611c9dcc
2023-02-10,826.22,,ft,Approved,,2025-03-11T21:18:57.099472+00:00,e9286e10fdf94482b1ae5281611c9dcc
2023-02-11,826.06,,ft,Approved,,2025-03-11T21:18:57.099472+00:00,e9286e10fdf94482b1ae5281611c9dcc
2023-02-12,825.98,,ft,Approved,,2025-03-11T21:18:57.099472+00:00,e9286e10fdf94482b1ae5281611c9dcc
2023-02-13,825.92,,ft,Approved,,2025-03-11T21:18:57.099472+00:00,e9286e10fdf94482b1ae5281611c9dcc
2023-02-14,825.91,,ft,Approved,,2025-03-11T21:18:57.099472+00:00,e9286e10fdf94482b1ae5281611c9dcc
2023-02-15,825.9,,ft,Approved,,2025-03-11T21:18:57.099472+00:00,e9286e10fdf94482b1ae5281611c9dcc
2023-02-16,825.89,,ft,Approved,,2025-03-11T21:18:57.099472+00:00,e9286e10fdf94482b1ae5281611c9dcc
2023-02-17,825.86,,ft,Approved,,2025-03-11T21:18:57.099472+00:00,e9286e10fdf94482b1ae5281611c9dcc
2023-02-18,825.84,,ft,Approved,,2025-03-11T21:18:57.099472+00:00,e9286e10fdf94482b1ae5281611c9dcc
2023-02-19,825.83,,ft,Approved,,2025-03-11T21:18:57.099472+00:00,e9286e10fdf94482b1ae5281611c9dcc
2023-02-20,825.82,,ft,Approved,,2025-03-11T21:18:57.099472+00:00,e9286e10fdf94482b1ae5281611c9dcc
2023-02-21,825.81,,ft,Approved,,2025-03-11T21:18:57.099472+00:00,e9286e10fdf94482b1ae5281611c9dcc
2023-02-22,825.8,,ft,Approved,,2025-03-11T21:18:57.099472+00:00,e9286e10fdf94482b1ae5281611c9dcc
2023-02-23,825.78,,ft,Approved,,2025-03-11T21:18:57.099472+00:00,e9286e10fdf94482b1ae5281611c9dcc
2023-02-24,825.76,,ft,Approved,,2025-03-11T21:18:57.099472+00:00,e9286e10fdf94482b1ae5281611c9dcc
2023-02-25,825.75,,ft,Approved,,2025-03-11T21:18:57.099472+00:00,e9286e10fdf94482b1ae5281611c9dcc
2023-02-26,825.75,,ft,Approved,,2025-03-11T21:18:57.099472+00:00,e9286e10fdf94482b1ae5281611c9dcc
2023-02-27,825.74,,ft,Approved,,2025-03-11T21:18:57.099472+00:00,e9286e10fdf94482b1ae5281611c9dcc
2023-02-28,825.74,,ft,Approved,,2025-03-11T21:18:57.099472+00:00,e9286e10fdf94482b1ae5281611c9dcc
2023-03-01,825.74,,ft,Approved,,2025-03-11T21:18:57.099472+00:00,e9286e10fdf94482b1ae5281611c9dcc
2023-03-02,825.76,,ft,Approved,,2025-03-11T21:18:57.099472+00:00,e9286e10fdf94482b1ae5281611c9dcc
2023-03-03,825.98,,ft,Approved,,2025-03-11T21:18:57.099472+00:00,e9286e10fdf94482b1ae5281611c9dcc
2023-03-04,825.97,,ft,Approved,,2025-03-11T21:18:57.099472+00:00,e9286e10fdf94482b1ae5281611c9dcc
2023-03-05,825.9,,ft,Approved,,2025-03-11T21:18:57.099472+00:00,e9286e10fdf94482b1ae5281611c9dcc
2023-03-06,825.86,,ft,Approved,,2025-03-11T21:18:57.099472+00:00,e9286e10fdf94482b1ae5281611c9dcc
2023-03-07,825.83,,ft,Approved,,2025-03-11T21:18:57.099472+00:00,e9286e10fdf94482b1ae5281611c9dcc
2023-03-08,825.81,,ft,Approved,,2025-03-11T21:18:57.099472+00:00,e9286e10fdf94482b1ae5281611c9dcc
2023-03-09,825.78,,ft,Approved,,2025-03-11T21:18:57.099472+00:00,e9286e10fdf94482b1ae5281611c9dcc
2023-03-10,825.76,,ft,Approved,,2025-03-11T21:18:57.099472+00:00,e9286e10fdf94482b1ae5281611c9dcc
2023-03-11,825.75,,ft,Approved,,2025-03-11T21:18:57.099472+00:00,e9286e10fdf94482b1ae5281611c9dcc
2023-03-12,825.73,,ft,Approved,,2025-03-11T21:18:57.099472+00:00,e9286e10fdf94482b1ae5281611c9dcc
2023-03-13,825.7,,ft,Approved,,2025-03-11T21:18:57.099472+00:00,e9286e10fdf94482b1ae5281611c9dcc
2023-03-14,825.68,,ft,Approved,,2025-03-11T21:18:57.099472+00:00,e9286e10fdf94482b1ae5281611c9dcc
2023-03-15,825.68,,ft,Approved,,2025-03-11T21:18:57.099472+00:00,e9286e10fdf94482b1ae5281611c9dcc
2023-03-16,825.69,,ft,Approved,,2025-03-11T21:18:57.099472+00:00,e9286e10fdf94482b1ae5281611c9dcc
2023-03-17,825.7,,ft,Approved,,2025-03-11T21:18:57.099472+00:00,e9286e10fdf94482b1ae5281611c9dcc
2023-03-18,825.68,,ft,Approved,,2025-03-11T21:18:57.099472+00:00,e9286e10fdf94482b1ae5281611c9dcc
2023-03-19,825.67,,ft,Approved,,2025-03-11T21:18:57.099472+00:00,e9286e10fdf94482b1ae5281611c9dcc
2023-03-20,825.66,,ft,Approved,,2025-03-11T21:18:57.099472+00:00,e9286e10fdf94482b1ae5281611c9dcc
2023-03-21,825.69,,ft,Approved,,2025-03-11T21:18:57.099472+00:00,e9286e10fdf94482b1ae5281611c9dcc
2023-03-22,825.75,,ft,Approved,,2025-03-11T21:18:57.099472+00:00,e9286e10fdf94482b1ae5281611c9dcc
2023-03-23,825.75,,ft,Approved,,2025-03-11T21:18:57.099472+00:00,e9286e10fdf94482b1ae5281611c9dcc
2023-03-24,825.73,,ft,Approved,,2025-03-11T21:18:57.099472+00:00,e9286e10fdf94482b1ae5281611c9dcc
2023-03-25,825.69,,ft,Approved,,2025-03-11T21:18:57.099472+00:00,e9286e10fdf94482b1ae5281611c9dcc
2023-03-26,825.67,,ft,Approved,,2025-03-11T21:18:57.099472+00:00,e9286e10fdf94482b1ae5281611c9dcc
2023-03-27,825.65,,ft,Approved,,2025-03-11T21:18:57.099472+00:00,e9286e10fdf94482b1ae5281611c9dcc
2023-03-28,825.63,,ft,Approved,,2025-03-11T21:18:57.099472+00:00,e9286e10fdf94482b1ae5281611c9dcc
2023-03-29,825.61,,ft,Approved,,2025-03-11T21:18:57.099472+00:00,e9286e10fdf94482b1ae5281611c9dcc
2023-03-30,825.62,,ft,Approved,,2025-03-11T21:18:57.099472+00:00,e9286e10fdf94482b1ae5281611c9dcc
2023-03-31,825.65,,ft,Approved,,2025-03-11T21:18:57.099472+00:00,e9286e10fdf94482b1ae5281611c9dcc
2023-04-01,825.64,,ft,Approved,,2025-03-11T21:18:57.099472+00:00,e9286e10fdf94482b1ae5281611c9dcc
2023-04-02,825.63,,ft,Approved,,2025-03-11T21:18:57.099472+00:00,e9286e10fdf94482b1ae5281611c9dcc
2023-04-03,825.63,,ft,Approved,,2025-03-11T21:18:57.099472+00:00,e9286e10fdf94482b1ae5281611c9dcc
2023-04-04,825.62,,ft,Approved,,2025-03-11T21:18:57.099472+00:00,e9286e10fdf94482b1ae5281611c9dcc
2023-04-05,825.65,,ft,Approved,,2025-03-11T21:18:57.099472+00:00,e9286e10fdf94482b1ae5281611c9dcc
2023-04-06,826.2,,ft,Approved,,2025-03-11T21:18:57.099472+00:00,e9286e10fdf94482b1ae5281611c9dcc
2023-04-07,827.11,,ft,Approved,,2025-03-11T21:18:57.099472+00:00,e9286e10fdf94482b1ae5281611c9dcc
2023-04-08,826.84,,ft,Approved,,2025-03-11T21:18:57.099472+00:00,e9286e10fdf94482b1ae5281611c9dcc
2023-04-09,826.41,,ft,Approved,,2025-03-11T21:18:57.099472+00:00,e9286e10fdf94482b1ae5281611c9dcc
2023-04-10,826.16,,ft,Approved,,2025-03-11T21:18:57.099472+00:00,e9286e10fdf94482b1ae5281611c9dcc
2023-04-11,826.03,,ft,Approved,,2025-03-11T21:18:57.099472+00:00,e9286e10fdf94482b1ae5281611c9dcc
2023-04-12,825.94,,ft,Approved,,2025-03-11T21:18:57.099472+00:00,e9286e10fdf94482b1ae5281611c9dcc
2023-04-13,825.88,,ft,Approved,,2025-03-11T21:18:57.099472+00:00,e9286e10fdf94482b1ae5281611c9dcc
2023-04-14,825.85,,ft,Approved,,2025-03-11T21:18:57.099472+00:00,e9286e10fdf94482b1ae5281611c9dcc
2023-04-15,825.82,,ft,Approved,,2025-03-11T21:18:57.099472+00:00,e9286e10fdf94482b1ae5281611c9dcc
2023-04-16,825.77,,ft,Approved,,2025-03-11T21:18:57.099472+00:00,e9286e10fdf94482b1ae5281611c9dcc
2023-04-17,825.74,,ft,Approved,,2025-03-11T21:18:57.099472+00:00,e9286e10fdf94482b1ae5281611c9dcc
2023-04-18,825.73,,ft,Approved,,2025-03-11T21:18:57.099472+00:00,e9286e10fdf94482b1ae5281611c9dcc
2023-04-19,825.72,,ft,Approved,,2025-03-11T21:18:57.099472+00:00,e9286e10fdf94482b1ae5281611c9dcc
2023-04-20,826.64,,ft,Approved,,2025-03-11T21:18:57.099472+00:00,e9286e10fdf94482b1ae5281611c9dcc
2023-04-21,833.1,,ft,Approved,,2025-03-11T21:18:57.099472+00:00,e9286e10fdf94482b1ae5281611c9dcc
2023-04-22,832.1,,ft,Approved,,2025-03-11T21:18:57.099472+00:00,e9286e10fdf94482b1ae5281611c9dcc
2023-04-23,830.41,,ft,Approved,,2025-03-11T21:18:57.099472+00:00,e9286e10fdf94482b1ae5281611c9dcc
2023-04-24,828.28,,ft,Approved,,2025-03-11T21:18:57.099472+00:00,e9286e10fdf94482b1ae5281611c9dcc
2023-04-25,826.7,,ft,Approved,,2025-03-11T21:18:57.099472+00:00,e9286e10fdf94482b1ae5281611c9dcc
2023-04-26,826.3,,ft,Approved,,2025-03-11T21:18:57.099472+00:00,e9286e10fdf94482b1ae5281611c9dcc
2023-04-27,827.07,,ft,Approved,,2025-03-11T21:18:57.099472+00:00,e9286e10fdf94482b1ae5281611c9dcc
2023-04-28,826.86,,ft,Approved,,2025-03-11T21:18:57.099472+00:00,e9286e10fdf94482b1ae5281611c9dcc
2023-04-29,827.02,,ft,Approved,,2025-03-11T21:18:57.099472+00:00,e9286e10fdf94482b1ae5281611c9dcc
2023-04-30,826.56,,ft,Approved,,2025-03-11T21:18:57.099472+00:00,e9286e10fdf94482b1ae5281611c9dcc
2023-05-01,826.29,,ft,Approved,,2025-03-11T21:18:57.099472+00:00,e9286e10fdf94482b1ae5281611c9dcc
2023-05-02,826.13,,ft,Approved,,2025-03-11T21:18:57.099472+00:00,e9286e10fdf94482b1ae5281611c9dcc
2023-05-03,826.05,,ft,Approved,,2025-03-11T21:18:57.099472+00:00,e9286e10fdf94482b1ae5281611c9dcc
2023-05-04,825.98,,ft,Approved,,2025-03-11T21:18:57.099472+00:00,e9286e10fdf94482b1ae5281611c9dcc
2023-05-05,825.95,,ft,Approved,,2025-03-11T21:18:57.099472+00:00,e9286e10fdf94482b1ae5281611c9dcc
2023-05-06,826.83,,ft,Approved,,2025-03-11T21:18:57.099472+00:00,e9286e10fdf94482b1ae5281611c9dcc
2023-05-07,826.49,,ft,Approved,,2025-03-11T21:18:57.099472+00:00,e9286e10fdf94482b1ae5281611c9dcc
2023-05-08,826.19,,ft,Approved,,2025-03-11T21:18:57.099472+00:00,e9286e10fdf94482b1ae5281611c9dcc
2023-05-09,826.04,,ft,Approved,,2025-03-11T21:18:57.099472+00:00,e9286e10fdf94482b1ae5281611c9dcc
2023-05-10,826.02,,ft,Approved,,2025-03-11T21:18:57.099472+00:00,e9286e10fdf94482b1ae5281611c9dcc
2023-05-11,825.97,,ft,Approved,,2025-03-11T21:18:57.099472+00:00,e9286e10fdf94482b1ae5281611c9dcc
2023-05-12,825.9,,ft,Approved,,2025-03-11T21:18:57.099472+00:00,e9286e10fdf94482b1ae5281611c9dcc
2023-05-13,827.27,,ft,Approved,,2025-03-11T21:18:57.099472+00:00,e9286e10fdf94482b1ae5281611c9dcc
2023-05-14,827.16,,ft,Approved,,2025-03-11T21:18:57.099472+00:00,e9286e10fdf94482b1ae5281611c9dcc
2023-05-15,827.32,,ft,Approved,,2025-03-11T21:18:57.099472+00:00,e9286e10fdf94482b1ae5281611c9dcc
2023-05-16,828.76,,ft,Approved,,2025-03-11T21:18:57.099472+00:00,e9286e10fdf94482b1ae5281611c9dcc
2023-05-17,827.28,,ft,Approved,,2025-03-11T21:18:57.099472+00:00,e9286e10fdf94482b1ae5281611c9dcc
2023-05-18,826.64,,ft,Approved,,2025-03-11T21:18:57.099472+00:00,e9286e10fdf94482b1ae5281611c9dcc
2023-05-19,826.39,,ft,Approved,,2025-03-11T21:18:57.099472+00:00,e9286e10fdf94482b1ae5281611c9dcc
2023-05-20,826.24,,ft,Approved,,2025-03-11T21:18:57.099472+00:00,e9286e10fdf94482b1ae5281611c9dcc
2023-05-21,826.15,,ft,Approved,,2025-03-11T21:18:57.099472+00:00,e9286e10fdf94482b1ae5281611c9dcc
2023-05-22,826.09,,ft,Approved,,2025-03-11T21:18:57.099472+00:00,e9286e10fdf94482b1ae5281611c9dcc
2023-05-23,826.04,,ft,Approved,,2025-03-11T21:18:57.099472+00:00,e9286e10fdf94482b1ae5281611c9dcc
2023-05-24,826.47,,ft,Approved,,2025-03-11T21:18:57.099472+00:00,e9286e10fdf94482b1ae5281611c9dcc
2023-05-25,826.46,,ft,Approved,,2025-03-11T21:18:57.099472+00:00,e9286e10fdf94482b1ae5281611c9dcc
2023-05-26,826.2,,ft,Approved,,2025-03-11T21:18:57.099472+00:00,e9286e10fdf94482b1ae5281611c9dcc
2023-05-27,826.1,,ft,Approved,,2025-03-11T21:18:57.099472+00:00,e9286e10fdf94482b1ae5281611c9dcc
2023-05-28,826.55,,ft,Approved,,2025-03-11T21:18:57.099472+00:00,e9286e10fdf94482b1ae5281611c9dcc
2023-05-29,826.33,,ft,Approved,,2025-03-11T21:18:57.099472+00:00,e9286e10fdf94482b1ae5281611c9dcc
2023-05-30,826.14,,ft,Approved,,2025-03-11T21:18:57.099472+00:00,e9286e10fdf94482b1ae5281611c9dcc
2023-05-31,826.02,,ft,Approved,,2025-03-11T21:18:57.099472+00:00,e9286e10fdf94482b1ae5281611c9dcc
2023-06-01,825.95,,ft,Approved,,2025-03-11T21:18:57.099472+00:00,e9286e10fdf94482b1ae5281611c9dcc
2023-06-02,825.9,,ft,Approved,,2025-03-11T21:18:57.099472+00:00,e9286e10fdf94482b1ae5281611c9dcc
2023-06-03,825.86,,ft,Approved,,2025-03-11T21:18:57.099472+00:00,e9286e10fdf94482b1ae5281611c9dcc
2023-06-04,825.88,,ft,Approved,,2025-03-11T21:18:57.099472+00:00,e9286e10fdf94482b1ae5281611c9dcc
2023-06-05,825.91,,ft,Approved,,2025-03-11T21:18:57.099472+00:00,e9286e10fdf94482b1ae5281611c9dcc
2023-06-06,826.12,,ft,Approved,,2025-03-11T21:18:57.099472+00:00,e9286e10fdf94482b1ae5281611c9dcc
2023-06-07,826.03,,ft,Approved,,2025-03-11T21:18:57.099472+00:00,e9286e10fdf94482b1ae5281611c9dcc
2023-06-08,825.94,,ft,Approved,,2025-03-11T21:18:57.099472+00:00,e9286e10fdf94482b1ae5281611c9dcc
2023-06-09,825.88,,ft,Approved,,2025-03-11T21:18:57.099472+00:00,e9286e10fdf94482b1ae5281611c9dcc
2023-06-10,825.88,,ft,Approved,,2025-03-11T21:18:57.099472+00:00,e9286e10fdf94482b1ae5281611c9dcc
2023-06-11,825.85,,ft,Approved,,2025-03-11T21:18:57.099472+00:00,e9286e10fdf94482b1ae5281611c9dcc
2023-06-12,825.8,,ft,Approved,,2025-03-11T21:18:57.099472+00:00,e9286e10fdf94482b1ae5281611c9dcc
2023-06-13,825.77,,ft,Approved,,2025-03-11T21:18:57.099472+00:00,e9286e10fdf94482b1ae5281611c9dcc
2023-06-14,825.75,,ft,Approved,,2025-03-11T21:18:57.099472+00:00,e9286e10fdf94482b1ae5281611c9dcc
2023-06-15,825.73,,ft,Approved,,2025-03-11T21:18:57.099472+00:00,e9286e10fdf94482b1ae5281611c9dcc
2023-06-16,825.72,,ft,Approved,,2025-03-11T21:18:57.099472+00:00,e9286e10fdf94482b1ae5281611c9dcc
2023-06-17,826.35,,ft,Approved,,2025-03-11T21:18:57.099472+00:00,e9286e10fdf94482b1ae5281611c9dcc
2023-06-18,826.23,,ft,Approved,,2025-03-11T21:18:57.099472+00:00,e9286e10fdf94482b1ae5281611c9dcc
2023-06-19,826.01,,ft,Approved,,2025-03-11T21:18:57.099472+00:00,e9286e10fdf94482b1ae5281611c9dcc
2023-06-20,825.88,,ft,Approved,,2025-03-11T21:18:57.099472+00:00,e9286e10fdf94482b1ae5281611c9dcc
2023-06-21,825.81,,ft,Approved,,2025-03-11T21:18:57.099472+00:00,e9286e10fdf94482b1ae5281611c9dcc
2023-06-22,825.95,,ft,Approved,,2025-03-11T21:18:57.099472+00:00,e9286e10fdf94482b1ae5281611c9dcc
2023-06-23,826.01,,ft,Approved,,2025-03-11T21:18:57.099472+00:00,e9286e10fdf94482b1ae5281611c9dcc
2023-06-24,825.9,,ft,Approved,,2025-03-11T21:18:57.099472+00:00,e9286e10fdf94482b1ae5281611c9dcc
2023-06-25,825.81,,ft,Approved,,2025-03-11T21:18:57.099472+00:00,e9286e10fdf94482b1ae5281611c9dcc
2023-06-26,825.75,,ft,Approved,,2025-03-11T21:18:57.099472+00:00,e9286e10fdf94482b1ae5281611c9dcc
2023-06-27,825.7,,ft,Approved,,2025-03-11T21:18:57.099472+00:00,e9286e10fdf94482b1ae5281611c9dcc
2023-06-28,825.67,,ft,Approved,,2025-03-11T21:18:57.099472+00:00,e9286e10fdf94482b1ae5281611c9dcc
2023-06-29,825.63,,ft,Approved,,2025-03-11T21:18:57.099472+00:00,e9286e10fdf94482b1ae5281611c9dcc
2023-06-30,825.61,,ft,Approved,,2025-03-11T21:18:57.099472+00:00,e9286e10fdf94482b1ae5281611c9dcc
2023-07-01,825.59,,ft,Approved,,2025-03-11T21:18:57.099472+00:00,e9286e10fdf94482b1ae5281611c9dcc
2023-07-02,825.58,,ft,Approved,,2025-03-11T21:18:57.099472+00:00,e9286e10fdf94482b1ae5281611c9dcc
2023-07-03,825.57,,ft,Approved,,2025-03-11T21:18:57.099472+00:00,e9286e10fdf94482b1ae5281611c9dcc
2023-07-04,825.56,,ft,Approved,,2025-03-11T21:18:57.099472+00:00,e9286e10fdf94482b1ae5281611c9dcc
2023-07-05,825.55,,ft,Approved,,2025-03-11T21:18:57.099472+00:00,e9286e10fdf94482b1ae5281611c9dcc
2023-07-06,825.54,,ft,Approved,,2025-03-11T21:18:57.099472+00:00,e9286e10fdf94482b1ae5281611c9dcc
2023-07-07,825.54,,ft,Approved,,2025-03-11T21:18:57.099472+00:00,e9286e10fdf94482b1ae5281611c9dcc
2023-07-08,825.53,,ft,Approved,,2025-03-11T21:18:57.099472+00:00,e9286e10fdf94482b1ae5281611c9dcc
2023-07-09,825.51,,ft,Approved,,2025-03-11T21:18:57.099472+00:00,e9286e10fdf94482b1ae5281611c9dcc
2023-07-10,825.49,,ft,Approved,,2025-03-11T21:18:57.099472+00:00,e9286e10fdf94482b1ae5281611c9dcc
2023-07-11,825.47,,ft,Approved,,2025-03-11T21:18:57.099472+00:00,e9286e10fdf94482b1ae5281611c9dcc
2023-07-12,825.46,,ft,Approved,,2025-03-11T21:18:57.099472+00:00,e9286e10fdf94482b1ae5281611c9dcc
2023-07-13,825.44,,ft,Approved,,2025-03-11T21:18:57.099472+00:00,e9286e10fdf94482b1ae5281611c9dcc
2023-07-14,825.42,,ft,Approved,,2025-03-11T21:18:57.099472+00:00,e9286e10fdf94482b1ae5281611c9dcc
2023-07-15,825.4,,ft,Approved,,2025-03-11T21:18:57.099472+00:00,e9286e10fdf94482b1ae5281611c9dcc
2023-07-16,825.39,,ft,Approved,,2025-03-11T21:18:57.099472+00:00,e9286e10fdf94482b1ae5281611c9dcc
2023-07-17,825.38,,ft,Approved,,2025-03-11T21:18:57.099472+00:00,e9286e10fdf94482b1ae5281611c9dcc
2023-07-18,825.37,,ft,Approved,,2025-03-11T21:18:57.099472+00:00,e9286e10fdf94482b1ae5281611c9dcc
2023-07-19,825.35,,ft,Approved,,2025-03-11T21:18:57.099472+00:00,e9286e10fdf94482b1ae5281611c9dcc
2023-07-20,825.33,,ft,Approved,,2025-03-11T21:18:57.099472+00:00,e9286e10fdf94482b1ae5281611c9dcc
2023-07-21,825.32,,ft,Approved,,2025-03-11T21:18:57.099472+00:00,e9286e10fdf94482b1ae5281611c9dcc
2023-07-22,825.31,,ft,Approved,,2025-03-11T21:18:57.099472+00:00,e9286e10fdf94482b1ae5281611c9dcc
2023-07-23,825.32,,ft,Approved,,2025-03-11T21:18:57.099472+00:00,e9286e10fdf94482b1ae5281611c9dcc
2023-07-24,825.33,,ft,Approved,,2025-03-11T21:18:57.099472+00:00,e9286e10fdf94482b1ae5281611c9dcc
2023-07-25,825.33,,ft,Approved,,2025-03-11T21:18:57.099472+00:00,e9286e10fdf94482b1ae5281611c9dcc
2023-07-26,825.32,,ft,Approved,,2025-03-11T21:18:57.099472+00:00,e9286e10fdf94482b1ae5281611c9dcc
2023-07-27,825.31,,ft,Approved,,2025-03-11T21:18:57.099472+00:00,e9286e10fdf94482b1ae5281611c9dcc
2023-07-28,825.29,,ft,Approved,,2025-03-11T21:18:57.099472+00:00,e9286e10fdf94482b1ae5281611c9dcc
2023-07-29,825.28,,ft,Approved,,2025-03-11T21:18:57.099472+00:00,e9286e10fdf94482b1ae5281611c9dcc
2023-07-30,825.26,,ft,Approved,,2025-03-11T21:18:57.099472+00:00,e9286e10fdf94482b1ae5281611c9dcc
2023-07-31,825.24,,ft,Approved,,2025-03-11T21:18:57.099472+00:00,e9286e10fdf94482b1ae5281611c9dcc
2023-08-01,825.23,,ft,Approved,,2025-03-11T21:18:57.099472+00:00,e9286e10fdf94482b1ae5281611c9dcc
2023-08-02,825.2,,ft,Approved,,2025-03-11T21:18:57.099472+00:00,e9286e10fdf94482b1ae5281611c9dcc
2023-08-03,825.18,,ft,Approved,,2025-03-11T21:18:57.099472+00:00,e9286e10fdf94482b1ae5281611c9dcc
2023-08-04,825.15,,ft,Approved,,2025-03-11T21:18:57.099472+00:00,e9286e10fdf94482b1ae5281611c9dcc
2023-08-05,825.13,,ft,Approved,,2025-03-11T21:18:57.099472+00:00,e9286e10fdf94482b1ae5281611c9dcc
2023-08-06,825.1,,ft,Approved,,2025-03-11T21:18:57.099472+00:00,e9286e10fdf94482b1ae5281611c9dcc
2023-08-07,825.07,,ft,Approved,,2025-03-11T21:18:57.099472+00:00,e9286e10fdf94482b1ae5281611c9dcc
2023-08-08,825.04,,ft,Approved,,2025-03-11T21:18:57.099472+00:00,e9286e10fdf94482b1ae5281611c9dcc
2023-08-09,825.02,,ft,Approved,,2025-03-11T21:18:57.099472+00:00,e9286e10fdf94482b1ae5281611c9dcc
2023-08-10,824.99,,ft,Approved,,2025-03-11T21:18:57.099472+00:00,e9286e10fdf94482b1ae5281611c9dcc
2023-08-11,824.97,,ft,Approved,,2025-03-11T21:18:57.099472+00:00,e9286e10fdf94482b1ae5281611c9dcc
2023-08-12,824.94,,ft,Approved,,2025-03-11T21:18:57.099472+00:00,e9286e10fdf94482b1ae5281611c9dcc
2023-08-13,824.91,,ft,Approved,,2025-03-11T21:18:57.099472+00:00,e9286e10fdf94482b1ae5281611c9dcc
2023-08-14,824.89,,ft,Approved,,2025-03-11T21:18:57.099472+00:00,e9286e10fdf94482b1ae5281611c9dcc
2023-08-15,824.86,,ft,Approved,,2025-03-11T21:18:57.099472+00:00,e9286e10fdf94482b1ae5281611c9dcc
2023-08-16,824.83,,ft,Approved,LESSTHAN,2025-03-11T21:18:57.099472+00:00,e9286e10fdf94482b1ae5281611c9dcc
2023-08-17,824.81,,ft,Approved,LESSTHAN,2025-03-11T21:18:57.099472+00:00,e9286e10fdf94482b1ae5281611c9dcc
2023-08-18,824.81,,ft,Approved,LESSTHAN,2025-03-11T21:18:57.099472+00:00,e9286e10fdf94482b1ae5281611c9dcc
2023-08-19,824.81,,ft,Approved,LESSTHAN,2025-03-11T21:18:57.099472+00:00,e9286e10fdf94482b1ae5281611c9dcc
2023-08-20,824.81,,ft,Approved,LESSTHAN,2025-03-11T21:18:57.099472+00:00,e9286e10fdf94482b1ae5281611c9dcc
2023-08-21,824.81,,ft,Approved,LESSTHAN,2025-03-11T21:18:57.099472+00:00,e9286e10fdf94482b1ae5281611c9dcc
2023-08-22,824.81,,ft,Approved,LESSTHAN,2025-03-11T21:18:57.099472+00:00,e9286e10fdf94482b1ae5281611c9dcc
2023-08-23,824.81,,ft,Approved,LESSTHAN,2025-03-11T21:18:57.099472+00:00,e9286e10fdf94482b1ae5281611c9dcc
2023-08-24,824.81,,ft,Approved,LESSTHAN,2025-03-11T21:18:57.099472+00:00,e9286e10fdf94482b1ae5281611c9dcc
2023-08-25,824.81,,ft,Approved,LESSTHAN,2025-03-11T21:18:57.099472+00:00,e9286e10fdf94482b1ae5281611c9dcc
2023-08-26,824.81,,ft,Approved,LESSTHAN,2025-03-11T21:18:57.099472+00:00,e9286e10fdf94482b1ae5281611c9dcc
2023-08-27,824.81,,ft,Approved,LESSTHAN,2025-03-11T21:18:57.099472+00:00,e9286e10fdf94482b1ae5281611c9dcc
2023-08-28,824.81,,ft,Approved,LESSTHAN,2025-03-11T21:18:57.099472+00:00,e9286e10fdf94482b1ae5281611c9dcc
2023-08-29,824.81,,ft,Approved,LESSTHAN,2025-03-11T21:18:57.099472+00:00,e9286e10fdf94482b1ae5281611c9dcc
2023-08-30,824.81,,ft,Approved,LESSTHAN,2025-03-11T21:18:57.099472+00:00,e9286e10fdf94482b1ae5281611c9dcc
2023-08-31,824.81,,ft,Approved,LESSTHAN,2025-03-11T21:18:57.099472+00:00,e9286e10fdf94482b1ae5281611c9dcc
2023-09-01,824.81,,ft,Approved,LESSTHAN,2025-03-11T21:18:57.099472+00:00,e9286e10fdf94482b1ae5281611c9dcc
2023-09-02,824.81,,ft,Approved,LESSTHAN,2025-03-11T21:18:57.099472+00:00,e9286e10fdf94482b1ae5281611c9dcc
2023-09-03,824.81,,ft,Approved,LESSTHAN,2025-03-11T21:18:57.099472+00:00,e9286e10fdf94482b1ae5281611c9dcc
2023-09-04,824.81,,ft,Approved,LESSTHAN,2025-03-11T21:18:57.099472+00:00,e9286e10fdf94482b1ae5281611c9dcc
2023-09-05,824.81,,ft,Approved,LESSTHAN,2025-03-11T21:18:57.099472+00:00,e9286e10fdf94482b1ae5281611c9dcc
2023-09-06,824.81,,ft,Approved,LESSTHAN,2025-03-11T21:18:57.099472+00:00,e9286e10fdf94482b1ae5281611c9dcc
2023-09-07,824.81,,ft,Approved,LESSTHAN,2025-03-11T21:18:57.099472+00:00,e9286e10fdf94482b1ae5281611c9dcc
2023-09-08,824.81,,ft,Approved,LESSTHAN,2025-03-11T21:18:57.099472+00:00,e9286e10fdf94482b1ae5281611c9dcc
2023-09-09,824.81,,ft,Approved,LESSTHAN,2025-03-11T21:18:57.099472+00:00,e9286e10fdf94482b1ae5281611c9dcc
2023-09-10,824.81,,ft,Approved,LESSTHAN,2025-03-11T21:18:57.099472+00:00,e9286e10fdf94482b1ae5281611c9dcc
2023-09-11,824.81,,ft,Approved,LESSTHAN,2025-03-11T21:18:57.099472+00:00,e9286e10fdf94482b1ae5281611c9dcc
2023-09-12,824.81,,ft,Approved,LESSTHAN,2025-03-11T21:18:57.099472+00:00,e9286e10fdf94482b1ae5281611c9dcc
2023-09-13,824.81,,ft,Approved,LESSTHAN,2025-03-11T21:18:57.099472+00:00,e9286e10fdf94482b1ae5281611c9dcc
2023-09-14,825.56,,ft,Approved,LESSTHAN,2025-03-11T21:18:57.099472+00:00,e9286e10fdf94482b1ae5281611c9dcc
2023-09-15,826.03,,ft,Approved,,2026-01-16T00:01:52.041479+00:00,e9286e10fdf94482b1ae5281611c9dcc
2023-09-16,825.99,,ft,Approved,,2025-03-11T21:18:57.099472+00:00,e9286e10fdf94482b1ae5281611c9dcc
2023-09-17,826.17,,ft,Approved,,2025-03-11T21:18:57.099472+00:00,e9286e10fdf94482b1ae5281611c9dcc
2023-09-18,825.97,,ft,Approved,,2025-03-11T21:18:57.099472+00:00,e9286e10fdf94482b1ae5281611c9dcc
2023-09-19,825.81,,ft,Approved,,2025-03-11T21:18:57.099472+00:00,e9286e10fdf94482b1ae5281611c9dcc
2023-09-20,825.7,,ft,Approved,,2025-03-11T21:18:57.099472+00:00,e9286e10fdf94482b1ae5281611c9dcc
2023-09-21,825.64,,ft,Approved,,2025-03-11T21:18:57.099472+00:00,e9286e10fdf94482b1ae5281611c9dcc
2023-09-22,825.6,,ft,Approved,,2025-03-11T21:18:57.099472+00:00,e9286e10fdf94482b1ae5281611c9dcc
2023-09-23,825.57,,ft,Approved,,2025-03-11T21:18:57.099472+00:00,e9286e10fdf94482b1ae5281611c9dcc
2023-09-24,825.55,,ft,Approved,,2025-03-11T21:18:57.099472+00:00,e9286e10fdf94482b1ae5281611c9dcc
2023-09-25,825.63,,ft,Approved,,2025-03-11T21:18:57.099472+00:00,e9286e10fdf94482b1ae5281611c9dcc
2023-09-26,825.6,,ft,Approved,,2025-03-11T21:18:57.099472+00:00,e9286e10fdf94482b1ae5281611c9dcc
2023-09-27,825.58,,ft,Approved,,2025-03-11T21:18:57.099472+00:00,e9286e10fdf94482b1ae5281611c9dcc
2023-09-28,825.54,,ft,Approved,,2025-03-11T21:18:57.099472+00:00,e9286e10fdf94482b1ae5281611c9dcc
2023-09-29,825.51,,ft,Approved,,2025-03-11T21:18:57.099472+00:00,e9286e10fdf94482b1ae5281611c9dcc
2023-09-30,825.48,,ft,Approved,,2025-03-11T21:18:57.099472+00:00,e9286e10fdf94482b1ae5281611c9dcc
2023-10-01,825.46,,ft,Approved,,2025-03-11T21:18:57.099472+00:00,e9286e10fdf94482b1ae5281611c9dcc
2023-10-02,825.44,,ft,Approved,,2025-03-11T21:18:57.099472+00:00,e9286e10fdf94482b1ae5281611c9dcc
2023-10-03,825.43,,ft,Approved,,2025-03-11T21:18:57.099472+00:00,e9286e10fdf94482b1ae5281611c9dcc
2023-10-04,825.42,,ft,Approved,,2025-03-11T21:18:57.099472+00:00,e9286e10fdf94482b1ae5281611c9dcc
2023-10-05,826.36,,ft,Approved,,2025-03-11T21:18:57.099472+00:00,e9286e10fdf94482b1ae5281611c9dcc
2023-10-06,826.52,,ft,Approved,,2025-03-11T21:18:57.099472+00:00,e9286e10fdf94482b1ae5281611c9dcc
2023-10-07,826.11,,ft,Approved,,2025-03-11T21:18:57.099472+00:00,e9286e10fdf94482b1ae5281611c9dcc
2023-10-08,825.89,,ft,Approved,,2025-03-11T21:18:57.099472+00:00,e9286e10fdf94482b1ae5281611c9dcc
2023-10-09,825.77,,ft,Approved,,2025-03-11T21:18:57.099472+00:00,e9286e10fdf94482b1ae5281611c9dcc
2023-10-10,825.7,,ft,Approved,,2025-03-11T21:18:57.099472+00:00,e9286e10fdf94482b1ae5281611c9dcc
2023-10-11,825.66,,ft,Approved,,2025-03-11T21:18:57.099472+00:00,e9286e10fdf94482b1ae5281611c9dcc
2023-10-12,825.64,,ft,Approved,,2025-03-11T21:18:57.099472+00:00,e9286e10fdf94482b1ae5281611c9dcc
2023-10-13,825.62,,ft,Approved,,2025-03-11T21:18:57.099472+00:00,e9286e10fdf94482b1ae5281611c9dcc
2023-10-14,825.59,,ft,Approved,,2025-03-11T21:18:57.099472+00:00,e9286e10fdf94482b1ae5281611c9dcc
2023-10-15,825.56,,ft,Approved,,2025-03-11T21:18:57.099472+00:00,e9286e10fdf94482b1ae5281611c9dcc
2023-10-16,825.55,,ft,Approved,,2025-03-11T21:18:57.099472+00:00,e9286e10fdf94482b1ae5281611c9dcc
2023-10-17,825.54,,ft,Approved,,2025-03-11T21:18:57.099472+00:00,e9286e10fdf94482b1ae5281611c9dcc
2023-10-18,825.54,,ft,Approved,,2025-03-11T21:18:57.099472+00:00,e9286e10fdf94482b1ae5281611c9dcc
2023-10-19,825.53,,ft,Approved,,2025-03-11T21:18:57.099472+00:00,e9286e10fdf94482b1ae5281611c9dcc
2023-10-20,825.52,,ft,Approved,,2025-03-11T21:18:57.099472+00:00,e9286e10fdf94482b1ae5281611c9dcc
2023-10-21,825.51,,ft,Approved,,2025-03-11T21:18:57.099472+00:00,e9286e10fdf94482b1ae5281611c9dcc
2023-10-22,825.51,,ft,Approved,,2025-03-11T21:18:57.099472+00:00,e9286e10fdf94482b1ae5281611c9dcc
2023-10-23,826.65,,ft,Approved,,2025-03-11T21:18:57.099472+00:00,e9286e10fdf94482b1ae5281611c9dcc
2023-10-24,826.89,,ft,Approved,,2025-03-11T21:18:57.099472+00:00,e9286e10fdf94482b1ae5281611c9dcc
2023-10-25,826.65,,ft,Approved,,2025-03-11T21:18:57.099472+00:00,e9286e10fdf94482b1ae5281611c9dcc
2023-10-26,826.78,,ft,Approved,,2025-03-11T21:18:57.099472+00:00,e9286e10fdf94482b1ae5281611c9dcc
2023-10-27,827.08,,ft,Approved,,2025-03-11T21:18:57.099472+00:00,e9286e10fdf94482b1ae5281611c9dcc
2023-10-28,827.24,,ft,Approved,,2025-03-11T21:18:57.099472+00:00,e9286e10fdf94482b1ae5281611c9dcc
2023-10-29,826.8,,ft,Approved,,2025-03-11T21:18:57.099472+00:00,e9286e10fdf94482b1ae5281611c9dcc
2023-10-30,826.91,,ft,Approved,,2025-03-11T21:18:57.099472+00:00,e9286e10fdf94482b1ae5281611c9dcc
2023-10-31,826.65,,ft,Approved,,2025-03-11T21:18:57.099472+00:00,e9286e10fdf94482b1ae5281611c9dcc
2023-11-01,826.32,,ft,Approved,,2025-03-11T21:18:57.099472+00:00,e9286e10fdf94482b1ae5281611c9dcc
2023-11-02,826.14,,ft,Approved,,2025-03-11T21:18:57.099472+00:00,e9286e10fdf94482b1ae5281611c9dcc
2023-11-03,826.03,,ft,Approved,,2025-03-11T21:18:57.099472+00:00,e9286e10fdf94482b1ae5281611c9dcc
2023-11-04,825.97,,ft,Approved,,2025-03-11T21:18:57.099472+00:00,e9286e10fdf94482b1ae5281611c9dcc
2023-11-05,825.92,,ft,Approved,,2025-03-11T21:18:57.099472+00:00,e9286e10fdf94482b1ae5281611c9dcc
2023-11-06,825.89,,ft,Approved,,2025-03-11T21:18:57.099472+00:00,e9286e10fdf94482b1ae5281611c9dcc
2023-11-07,825.86,,ft,Approved,,2025-03-11T21:18:57.099472+00:00,e9286e10fdf94482b1ae5281611c9dcc
2023-11-08,825.83,,ft,Approved,,2025-03-11T21:18:57.099472+00:00,e9286e10fdf94482b1ae5281611c9dcc
2023-11-09,825.84,,ft,Approved,,2025-03-11T21:18:57.099472+00:00,e9286e10fdf94482b1ae5281611c9dcc
2023-11-10,826.85,,ft,Approved,,2025-03-11T21:18:57.099472+00:00,e9286e10fdf94482b1ae5281611c9dcc
2023-11-11,826.63,,ft,Approved,,2025-03-11T21:18:57.099472+00:00,e9286e10fdf94482b1ae5281611c9dcc
2023-11-12,826.32,,ft,Approved,,2025-03-11T21:18:57.099472+00:00,e9286e10fdf94482b1ae5281611c9dcc
2023-11-13,826.16,,ft,Approved,,2025-03-11T21:18:57.099472+00:00,e9286e10fdf94482b1ae5281611c9dcc
2023-11-14,826.06,,ft,Approved,,2025-03-11T21:18:57.099472+00:00,e9286e10fdf94482b1ae5281611c9dcc
2023-11-15,825.98,,ft,Approved,,2025-03-11T21:18:57.099472+00:00,e9286e10fdf94482b1ae5281611c9dcc
2023-11-16,825.93,,ft,Approved,,2025-03-11T21:18:57.099472+00:00,e9286e10fdf94482b1ae5281611c9dcc
2023-11-17,825.9,,ft,Approved,,2025-03-11T21:18:57.099472+00:00,e9286e10fdf94482b1ae5281611c9dcc
2023-11-18,825.86,,ft,Approved,,2025-03-11T21:18:57.099472+00:00,e9286e10fdf94482b1ae5281611c9dcc
2023-11-19,825.84,,ft,Approved,,2025-03-11T21:18:57.099472+00:00,e9286e10fdf94482b1ae5281611c9dcc
2023-11-20,825.84,,ft,Approved,,2025-03-11T21:18:57.099472+00:00,e9286e10fdf94482b1ae5281611c9dcc
2023-11-21,825.8,,ft,Approved,,2025-03-11T21:18:57.099472+00:00,e9286e10fdf94482b1ae5281611c9dcc
2023-11-22,825.77,,ft,Approved,,2025-03-11T21:18:57.099472+00:00,e9286e10fdf94482b1ae5281611c9dcc
2023-11-23,825.76,,ft,Approved,,2025-03-11T21:18:57.099472+00:00,e9286e10fdf94482b1ae5281611c9dcc
2023-11-24,825.75,,ft,Approved,,2025-03-11T21:18:57.099472+00:00,e9286e10fdf94482b1ae5281611c9dcc
2023-11-25,825.74,,ft,Approved,,2025-03-11T21:18:57.099472+00:00,e9286e10fdf94482b1ae5281611c9dcc
2023-11-26,825.74,,ft,Approved,,2025-03-11T21:18:57.099472+00:00,e9286e10fdf94482b1ae5281611c9dcc
2023-11-27,825.72,,ft,Approved,,2025-03-11T21:18:57.099472+00:00,e9286e10fdf94482b1ae5281611c9dcc
2023-11-28,825.75,,ft,Approved,,2025-03-11T21:18:57.099472+00:00,e9286e10fdf94482b1ae5281611c9dcc
2023-11-29,825.73,,ft,Approved,,2025-03-11T21:18:57.099472+00:00,e9286e10fdf94482b1ae5281611c9dcc
2023-11-30,825.74,,ft,Approved,,2025-03-11T21:18:57.099472+00:00,e9286e10fdf94482b1ae5281611c9dcc
2023-12-01,825.76,,ft,Approved,,2025-03-11T21:18:57.099472+00:00,e9286e10fdf94482b1ae5281611c9dcc
2023-12-02,825.74,,ft,Approved,,2025-03-11T21:18:57.099472+00:00,e9286e10fdf94482b1ae5281611c9dcc
2023-12-03,825.72,,ft,Approved,,2025-03-11T21:18:57.099472+00:00,e9286e10fdf94482b1ae5281611c9dcc
2023-12-04,825.71,,ft,Approved,,2025-03-11T21:18:57.099472+00:00,e9286e10fdf94482b1ae5281611c9dcc
2023-12-05,825.7,,ft,Approved,,2025-03-11T21:18:57.099472+00:00,e9286e10fdf94482b1ae5281611c9dcc
2023-12-06,825.69,,ft,Approved,,2025-03-11T21:18:57.099472+00:00,e9286e10fdf94482b1ae5281611c9dcc
2023-12-07,825.7,,ft,Approved,,2025-03-11T21:18:57.099472+00:00,e9286e10fdf94482b1ae5281611c9dcc
2023-12-08,825.7,,ft,Approved,,2025-03-11T21:18:57.099472+00:00,e9286e10fdf94482b1ae5281611c9dcc
2023-12-09,825.7,,ft,Approved,,2025-03-11T21:18:57.099472+00:00,e9286e10fdf94482b1ae5281611c9dcc
2023-12-10,825.68,,ft,Approved,,2025-03-11T21:18:57.099472+00:00,e9286e10fdf94482b1ae5281611c9dcc
2023-12-11,825.66,,ft,Approved,,2025-03-11T21:18:57.099472+00:00,e9286e10fdf94482b1ae5281611c9dcc
2023-12-12,825.66,,ft,Approved,,2025-03-11T21:18:57.099472+00:00,e9286e10fdf94482b1ae5281611c9dcc
2023-12-13,825.67,,ft,Approved,,2025-03-11T21:18:57.099472+00:00,e9286e10fdf94482b1ae5281611c9dcc
2023-12-14,825.68,,ft,Approved,,2025-03-11T21:18:57.099472+00:00,e9286e10fdf94482b1ae5281611c9dcc
2023-12-15,825.69,,ft,Approved,,2025-03-11T21:18:57.099472+00:00,e9286e10fdf94482b1ae5281611c9dcc
2023-12-16,825.76,,ft,Approved,,2025-03-11T21:18:57.099472+00:00,e9286e10fdf94482b1ae5281611c9dcc
2023-12-17,825.75,,ft,Approved,,2025-03-11T21:18:57.099472+00:00,e9286e10fdf94482b1ae5281611c9dcc
2023-12-18,825.73,,ft,Approved,,2025-03-11T21:18:57.099472+00:00,e9286e10fdf94482b1ae5281611c9dcc
2023-12-19,825.72,,ft,Approved,,2025-03-11T21:18:57.099472+00:00,e9286e10fdf94482b1ae5281611c9dcc
2023-12-20,825.71,,ft,Approved,,2025-03-11T21:18:57.099472+00:00,e9286e10fdf94482b1ae5281611c9dcc
2023-12-21,825.73,,ft,Approved,,2025-03-11T21:18:57.099472+00:00,e9286e10fdf94482b1ae5281611c9dcc
2023-12-22,825.84,,ft,Approved,,2025-03-11T21:18:57.099472+00:00,e9286e10fdf94482b1ae5281611c9dcc
2023-12-23,825.85,,ft,Approved,,2025-03-11T21:18:57.099472+00:00,e9286e10fdf94482b1ae5281611c9dcc
2023-12-24,827.23,,ft,Approved,,2025-03-11T21:18:57.099472+00:00,e9286e10fdf94482b1ae5281611c9dcc
2023-12-25,827.1,,ft,Approved,,2025-03-11T21:18:57.099472+00:00,e9286e10fdf94482b1ae5281611c9dcc
2023-12-26,826.59,,ft,Approved,,2025-03-11T21:18:57.099472+00:00,e9286e10fdf94482b1ae5281611c9dcc
2023-12-27,826.36,,ft,Approved,,2025-03-11T21:18:57.099472+00:00,e9286e10fdf94482b1ae5281611c9dcc
2023-12-28,826.2,,ft,Approved,,2025-03-11T21:18:57.099472+00:00,e9286e10fdf94482b1ae5281611c9dcc
2023-12-29,826.1,,ft,Approved,,2025-03-11T21:18:57.099472+00:00,e9286e10fdf94482b1ae5281611c9dcc
2023-12-30,826.03,,ft,Approved,,2025-03-11T21:18:57.099472+00:00,e9286e10fdf94482b1ae5281611c9dcc
2023-12-31,825.98,,ft,Approved,,2025-03-11T21:18:57.099472+00:00,e9286e10fdf94482b1ae5281611c9dcc
2024-01-01,825.94,,ft,Approved,,2025-03-11T21:18:57.099472+00:00,e9286e10fdf94482b1ae5281611c9dcc
2024-01-02,826.05,,ft,Approved,,2025-03-11T21:18:57.099472+00:00,e9286e10fdf94482b1ae5281611c9dcc
2024-01-03,827.28,,ft,Approved,,2025-03-11T21:18:57.099472+00:00,e9286e10fdf94482b1ae5281611c9dcc
2024-01-04,826.79,,ft,Approved,,2025-03-11T21:18:57.099472+00:00,e9286e10fdf94482b1ae5281611c9dcc
2024-01-05,826.69,,ft,Approved,,2025-03-11T21:18:57.099472+00:00,e9286e10fdf94482b1ae5281611c9dcc
2024-01-06,826.57,,ft,Approved,,2025-03-11T21:18:57.099472+00:00,e9286e10fdf94482b1ae5281611c9dcc
2024-01-07,826.42,,ft,Approved,,2025-03-11T21:18:57.099472+00:00,e9286e10fdf94482b1ae5281611c9dcc
2024-01-08,826.35,,ft,Approved,,2025-03-11T21:18:57.099472+00:00,e9286e10fdf94482b1ae5281611c9dcc
2024-01-09,826.35,,ft,Approved,,2025-03-11T21:18:57.099472+00:00,e9286e10fdf94482b1ae5281611c9dcc
2024-01-10,826.29,,ft,Approved,,2025-03-11T21:18:57.099472+00:00,e9286e10fdf94482b1ae5281611c9dcc
2024-01-11,826.22,,ft,Approved,,2025-03-11T21:18:57.099472+00:00,e9286e10fdf94482b1ae5281611c9dcc
2024-01-12,826.16,,ft,Approved,,2025-03-11T21:18:57.099472+00:00,e9286e10fdf94482b1ae5281611c9dcc
2024-01-13,826.08,,ft,Approved,,2025-03-11T21:18:57.099472+00:00,e9286e10fdf94482b1ae5281611c9dcc
2024-01-14,826.01,,ft,Approved,,2025-03-11T21:18:57.099472+00:00,e9286e10fdf94482b1ae5281611c9dcc
2024-01-15,825.96,,ft,Approved,,2025-03-11T21:18:57.099472+00:00,e9286e10fdf94482b1ae5281611c9dcc
2024-01-16,825.92,,ft,Approved,,2025-03-11T21:18:57.099472+00:00,e9286e10fdf94482b1ae5281611c9dcc
2024-01-17,825.89,,ft,Approved,,2025-03-11T21:18:57.099472+00:00,e9286e10fdf94482b1ae5281611c9dcc
2024-01-18,825.89,,ft,Approved,,2025-03-11T21:18:57.099472+00:00,e9286e10fdf94482b1ae5281611c9dcc
2024-01-19,825.88,,ft,Approved,,2025-03-11T21:18:57.099472+00:00,e9286e10fdf94482b1ae5281611c9dcc
2024-01-20,825.84,,ft,Approved,,2025-03-11T21:18:57.099472+00:00,e9286e10fdf94482b1ae5281611c9dcc
2024-01-21,825.82,,ft,Approved,,2025-03-11T21:18:57.099472+00:00,e9286e10fdf94482b1ae5281611c9dcc
2024-01-22,829.94,,ft,Approved,,2025-03-11T21:18:57.099472+00:00,e9286e10fdf94482b1ae5281611c9dcc
2024-01-23,832.05,,ft,Approved,,2025-03-11T21:18:57.099472+00:00,e9286e10fdf94482b1ae5281611c9dcc
2024-01-24,831.1,,ft,Approved,,2025-03-11T21:18:57.099472+00:00,e9286e10fdf94482b1ae5281611c9dcc
2024-01-25,830.54,,ft,Approved,,2025-03-11T21:18:57.099472+00:00,e9286e10fdf94482b1ae5281611c9dcc
2024-01-26,829.13,,ft,Approved,,2025-03-11T21:18:57.099472+00:00,e9286e10fdf94482b1ae5281611c9dcc
2024-01-27,827.36,,ft,Approved,,2025-03-11T21:18:57.099472+00:00,e9286e10fdf94482b1ae5281611c9dcc
2024-01-28,826.79,,ft,Approved,,2025-03-11T21:18:57.099472+00:00,e9286e10fdf94482b1ae5281611c9dcc
2024-01-29,826.65,,ft,Approved,,2025-03-11T21:18:57.099472+00:00,e9286e10fdf94482b1ae5281611c9dcc
2024-01-30,826.59,,ft,Approved,,2025-03-11T21:18:57.099472+00:00,e9286e10fdf94482b1ae5281611c9dcc
2024-01-31,826.56,,ft,Approved,,2025-03-11T21:18:57.099472+00:00,e9286e10fdf94482b1ae5281611c9dcc
2024-02-01,826.53,,ft,Approved,,2025-03-11T21:18:57.099472+00:00,e9286e10fdf94482b1ae5281611c9dcc
2024-02-02,826.51,,ft,Approved,,2025-03-11T21:18:57.099472+00:00,e9286e10fdf94482b1ae5281611c9dcc
2024-02-03,826.67,,ft,Approved,,2025-03-11T21:18:57.099472+00:00,e9286e10fdf94482b1ae5281611c9dcc
2024-02-04,826.69,,ft,Approved,,2025-03-11T21:18:57.099472+00:00,e9286e10fdf94482b1ae5281611c9dcc
2024-02-05,826.61,,ft,Approved,,2025-03-11T21:18:57.099472+00:00,e9286e10fdf94482b1ae5281611c9dcc
2024-02-06,826.53,,ft,Approved,,2025-03-11T21:18:57.099472+00:00,e9286e10fdf94482b1ae5281611c9dcc
2024-02-07,826.45,,ft,Approved,,2025-03-11T21:18:57.099472+00:00,e9286e10fdf94482b1ae5281611c9dcc
2024-02-08,826.39,,ft,Approved,,2025-03-11T21:18:57.099472+00:00,e9286e10fdf94482b1ae5281611c9dcc
2024-02-09,826.34,,ft,Approved,,2025-03-11T21:18:57.099472+00:00,e9286e10fdf94482b1ae5281611c9dcc
2024-02-10,826.61,,ft,Approved,,2025-03-11T21:18:57.099472+00:00,e9286e10fdf94482b1ae5281611c9dcc
2024-02-11,827.24,,ft,Approved,,2025-03-11T21:18:57.099472+00:00,e9286e10fdf94482b1ae5281611c9dcc
2024-02-12,826.88,,ft,Approved,,2025-03-11T21:18:57.099472+00:00,e9286e10fdf94482b1ae5281611c9dcc
2024-02-13,826.75,,ft,Approved,,2025-03-11T21:18:57.099472+00:00,e9286e10fdf94482b1ae5281611c9dcc
2024-02-14,826.66,,ft,Approved,,2025-03-11T21:18:57.099472+00:00,e9286e10fdf94482b1ae5281611c9dcc
2024-02-15,826.57,,ft,Approved,,2025-03-11T21:18:57.099472+00:00,e9286e10fdf94482b1ae5281611c9dcc
2024-02-16,826.49,,ft,Approved,,2025-03-11T21:18:57.099472+00:00,e9286e10fdf94482b1ae5281611c9dcc
2024-02-17,826.38,,ft,Approved,,2025-03-11T21:18:57.099472+00:00,e9286e10fdf94482b1ae5281611c9dcc
2024-02-18,826.29,,ft,Approved,,2025-03-11T21:18:57.099472+00:00,e9286e10fdf94482b1ae5281611c9dcc
2024-02-19,826.22,,ft,Approved,,2025-03-11T21:18:57.099472+00:00,e9286e10fdf94482b1ae5281611c9dcc
2024-02-20,826.16,,ft,Approved,,2025-03-11T21:18:57.099472+00:00,e9286e10fdf94482b1ae5281611c9dcc
2024-02-21,826.13,,ft,Approved,,2025-03-11T21:18:57.099472+00:00,e9286e10fdf94482b1ae5281611c9dcc
2024-02-22,826.09,,ft,Approved,,2025-03-11T21:18:57.099472+00:00,e9286e10fdf94482b1ae5281611c9dcc
2024-02-23,826.05,,ft,Approved,,2025-03-11T21:18:57.099472+00:00,e9286e10fdf94482b1ae5281611c9dcc
2024-02-24,826.02,,ft,Approved,,2025-03-11T21:18:57.099472+00:00,e9286e10fdf94482b1ae5281611c9dcc
2024-02-25,826.0,,ft,Approved,,2025-03-11T21:18:57.099472+00:00,e9286e10fdf94482b1ae5281611c9dcc
2024-02-26,825.99,,ft,Approved,,2025-03-11T21:18:57.099472+00:00,e9286e10fdf94482b1ae5281611c9dcc
2024-02-27,826.01,,ft,Approved,,2025-03-11T21:18:57.099472+00:00,e9286e10fdf94482b1ae5281611c9dcc
2024-02-28,826.01,,ft,Approved,,2025-03-11T21:18:57.099472+00:00,e9286e10fdf94482b1ae5281611c9dcc
2024-02-29,825.99,,ft,Approved,,2025-03-11T21:18:57.099472+00:00,e9286e10fdf94482b1ae5281611c9dcc
2024-03-01,826.0,,ft,Approved,,2025-03-11T21:18:57.099472+00:00,e9286e10fdf94482b1ae5281611c9dcc
2024-03-02,826.01,,ft,Approved,,2025-03-11T21:18:57.099472+00:00,e9286e10fdf94482b1ae5281611c9dcc
2024-03-03,826.01,,ft,Approved,,2025-03-11T21:18:57.099472+00:00,e9286e10fdf94482b1ae5281611c9dcc
2024-03-04,825.98,,ft,Approved,,2025-03-11T21:18:57.099472+00:00,e9286e10fdf94482b1ae5281611c9dcc
2024-03-05,825.96,,ft,Approved,,2025-03-11T21:18:57.099472+00:00,e9286e10fdf94482b1ae5281611c9dcc
2024-03-06,825.93,,ft,Approved,,2025-03-11T21:18:57.099472+00:00,e9286e10fdf94482b1ae5281611c9dcc
2024-03-07,825.91,,ft,Approved,,2025-03-11T21:18:57.099472+00:00,e9286e10fdf94482b1ae5281611c9dcc
2024-03-08,826.32,,ft,Approved,,2025-03-11T21:18:57.099472+00:00,e9286e10fdf94482b1ae5281611c9dcc
2024-03-09,826.56,,ft,Approved,,2025-03-11T21:18:57.099472+00:00,e9286e10fdf94482b1ae5281611c9dcc
2024-03-10,826.29,,ft,Approved,,2025-03-11T21:18:57.099472+00:00,e9286e10fdf94482b1ae5281611c9dcc
2024-03-11,826.13,,ft,Approved,,2025-03-11T21:18:57.099472+00:00,e9286e10fdf94482b1ae5281611c9dcc
2024-03-12,826.05,,ft,Approved,,2025-03-11T21:18:57.099472+00:00,e9286e10fdf94482b1ae5281611c9dcc
2024-03-13,826.0,,ft,Approved,,2025-03-11T21:18:57.099472+00:00,e9286e10fdf94482b1ae5281611c9dcc
2024-03-14,825.96,,ft,Approved,,2025-03-11T21:18:57.099472+00:00,e9286e10fdf94482b1ae5281611c9dcc
2024-03-15,825.94,,ft,Approved,,2025-03-11T21:18:57.099472+00:00,e9286e10fdf94482b1ae5281611c9dcc
2024-03-16,825.95,,ft,Approved,,2025-03-11T21:18:57.099472+00:00,e9286e10fdf94482b1ae5281611c9dcc
2024-03-17,826.17,,ft,Approved,,2025-03-11T21:18:57.099472+00:00,e9286e10fdf94482b1ae5281611c9dcc
2024-03-18,826.2,,ft,Approved,,2025-03-11T21:18:57.099472+00:00,e9286e10fdf94482b1ae5281611c9dcc
2024-03-19,826.09,,ft,Approved,,2025-03-11T21:18:57.099472+00:00,e9286e10fdf94482b1ae5281611c9dcc
2024-03-20,826.01,,ft,Approved,,2025-03-11T21:18:57.099472+00:00,e9286e10fdf94482b1ae5281611c9dcc
2024-03-21,825.98,,ft,Approved,,2025-03-11T21:18:57.099472+00:00,e9286e10fdf94482b1ae5281611c9dcc
2024-03-22,825.98,,ft,Approved,,2025-03-11T21:18:57.099472+00:00,e9286e10fdf94482b1ae5281611c9dcc
2024-03-23,825.93,,ft,Approved,,2025-03-11T21:18:57.099472+00:00,e9286e10fdf94482b1ae5281611c9dcc
2024-03-24,825.91,,ft,Approved,,2025-03-11T21:18:57.099472+00:00,e9286e10fdf94482b1ae5281611c9dcc
2024-03-25,825.97,,ft,Approved,,2025-03-11T21:18:57.099472+00:00,e9286e10fdf94482b1ae5281611c9dcc
2024-03-26,826.04,,ft,Approved,,2025-03-11T21:18:57.099472+00:00,e9286e10fdf94482b1ae5281611c9dcc
2024-03-27,825.97,,ft,Approved,,2025-03-11T21:18:57.099472+00:00,e9286e10fdf94482b1ae5281611c9dcc
2024-03-28,825.93,,ft,Approved,,2025-03-11T21:18:57.099472+00:00,e9286e10fdf94482b1ae5281611c9dcc
2024-03-29,825.89,,ft,Approved,,2025-03-11T21:18:57.099472+00:00,e9286e10fdf94482b1ae5281611c9dcc
2024-03-30,825.87,,ft,Approved,,2025-03-11T21:18:57.099472+00:00,e9286e10fdf94482b1ae5281611c9dcc
2024-03-31,825.86,,ft,Approved,,2025-03-11T21:18:57.099472+00:00,e9286e10fdf94482b1ae5281611c9dcc
2024-04-01,825.85,,ft,Approved,,2025-03-11T21:18:57.099472+00:00,e9286e10fdf94482b1ae5281611c9dcc
2024-04-02,825.95,,ft,Approved,,2025-03-11T21:18:57.099472+00:00,e9286e10fdf94482b1ae5281611c9dcc
2024-04-03,825.94,,ft,Approved,,2025-03-11T21:18:57.099472+00:00,e9286e10fdf94482b1ae5281611c9dcc
2024-04-04,825.88,,ft,Approved,,2025-03-11T21:18:57.099472+00:00,e9286e10fdf94482b1ae5281611c9dcc
2024-04-05,825.82,,ft,Approved,,2025-03-11T21:18:57.099472+00:00,e9286e10fdf94482b1ae5281611c9dcc
2024-04-06,825.79,,ft,Approved,,2025-03-11T21:18:57.099472+00:00,e9286e10fdf94482b1ae5281611c9dcc
2024-04-07,825.78,,ft,Approved,,2025-03-11T21:18:57.099472+00:00,e9286e10fdf94482b1ae5281611c9dcc
2024-04-08,825.78,,ft,Approved,,2025-03-11T21:18:57.099472+00:00,e9286e10fdf94482b1ae5281611c9dcc
2024-04-09,826.0,,ft,Approved,,2025-03-11T21:18:57.099472+00:00,e9286e10fdf94482b1ae5281611c9dcc
2024-04-10,827.42,,ft,Approved,,2025-03-11T21:18:57.099472+00:00,e9286e10fdf94482b1ae5281611c9dcc
2024-04-11,826.7,,ft,Approved,,2025-03-11T21:18:57.099472+00:00,e9286e10fdf94482b1ae5281611c9dcc
2024-04-12,826.32,,ft,Approved,,2025-03-11T21:18:57.099472+00:00,e9286e10fdf94482b1ae5281611c9dcc
2024-04-13,826.12,,ft,Approved,,2025-03-11T21:18:57.099472+00:00,e9286e10fdf94482b1ae5281611c9dcc
2024-04-14,826.01,,ft,Approved,,2025-03-11T21:18:57.099472+00:00,e9286e10fdf94482b1ae5281611c9dcc
2024-04-15,825.94,,ft,Approved,,2025-03-11T21:18:57.099472+00:00,e9286e10fdf94482b1ae5281611c9dcc
2024-04-16,825.91,,ft,Approved,,2025-03-11T21:18:57.099472+00:00,e9286e10fdf94482b1ae5281611c9dcc
2024-04-17,825.89,,ft,Approved,,2025-03-11T21:18:57.099472+00:00,e9286e10fdf94482b1ae5281611c9dcc
2024-04-18,825.87,,ft,Approved,,2025-03-11T21:18:57.099472+00:00,e9286e10fdf94482b1ae5281611c9dcc
2024-04-19,825.84,,ft,Approved,,2025-03-11T21:18:57.099472+00:00,e9286e10fdf94482b1ae5281611c9dcc
2024-04-20,825.81,,ft,Approved,,2025-03-11T21:18:57.099472+00:00,e9286e10fdf94482b1ae5281611c9dcc
2024-04-21,825.95,,ft,Approved,,2025-03-11T21:18:57.099472+00:00,e9286e10fdf94482b1ae5281611c9dcc
2024-04-22,825.93,,ft,Approved,,2025-03-11T21:18:57.099472+00:00,e9286e10fdf94482b1ae5281611c9dcc
2024-04-23,825.86,,ft,Approved,,2025-03-11T21:18:57.099472+00:00,e9286e10fdf94482b1ae5281611c9dcc
2024-04-24,825.82,,ft,Approved,,2025-03-11T21:18:57.099472+00:00,e9286e10fdf94482b1ae5281611c9dcc
2024-04-25,825.8,,ft,Approved,,2025-03-11T21:18:57.099472+00:00,e9286e10fdf94482b1ae5281611c9dcc
2024-04-26,825.79,,ft,Approved,,2025-03-11T21:18:57.099472+00:00,e9286e10fdf94482b1ae5281611c9dcc
2024-04-27,825.77,,ft,Approved,,2025-03-11T21:18:57.099472+00:00,e9286e10fdf94482b1ae5281611c9dcc
2024-04-28,826.33,,ft,Approved,,2025-03-11T21:18:57.099472+00:00,e9286e10fdf94482b1ae5281611c9dcc
2024-04-29,826.73,,ft,Approved,,2025-03-11T21:18:57.099472+00:00,e9286e10fdf94482b1ae5281611c9dcc
2024-04-30,826.31,,ft,Approved,,2025-03-11T21:18:57.099472+00:00,e9286e10fdf94482b1ae5281611c9dcc
2024-05-01,826.1,,ft,Approved,,2025-03-11T21:18:57.099472+00:00,e9286e10fdf94482b1ae5281611c9dcc
2024-05-02,826.41,,ft,Approved,,2025-03-11T21:18:57.099472+00:00,e9286e10fdf94482b1ae5281611c9dcc
2024-05-03,826.27,,ft,Approved,,2025-03-11T21:18:57.099472+00:00,e9286e10fdf94482b1ae5281611c9dcc
2024-05-04,826.12,,ft,Approved,,2025-03-11T21:18:57.099472+00:00,e9286e10fdf94482b1ae5281611c9dcc
2024-05-05,826.99,,ft,Approved,,2025-03-11T21:18:57.099472+00:00,e9286e10fdf94482b1ae5281611c9dcc
2024-05-06,826.76,,ft,Approved,,2025-03-11T21:18:57.099472+00:00,e9286e10fdf94482b1ae5281611c9dcc
2024-05-07,826.4,,ft,Approved,,2025-03-11T21:18:57.099472+00:00,e9286e10fdf94482b1ae5281611c9dcc
2024-05-08,826.19,,ft,Approved,,2025-03-11T21:18:57.099472+00:00,e9286e10fdf94482b1ae5281611c9dcc
2024-05-09,826.08,,ft,Approved,,2025-03-11T21:18:57.099472+00:00,e9286e10fdf94482b1ae5281611c9dcc
2024-05-10,825.98,,ft,Approved,,2025-03-11T21:18:57.099472+00:00,e9286e10fdf94482b1ae5281611c9dcc
2024-05-11,825.91,,ft,Approved,,2025-03-11T21:18:57.099472+00:00,e9286e10fdf94482b1ae5281611c9dcc
2024-05-12,825.88,,ft,Approved,,2025-03-11T21:18:57.099472+00:00,e9286e10fdf94482b1ae5281611c9dcc
2024-05-13,825.88,,ft,Approved,,2025-03-11T21:18:57.099472+00:00,e9286e10fdf94482b1ae5281611c9dcc
2024-05-14,825.87,,ft,Approved,,2025-03-11T21:18:57.099472+00:00,e9286e10fdf94482b1ae5281611c9dcc
2024-05-15,825.83,,ft,Approved,,2025-03-11T21:18:57.099472+00:00,e9286e10fdf94482b1ae5281611c9dcc
2024-05-16,826.72,,ft,Approved,,2025-03-11T21:18:57.099472+00:00,e9286e10fdf94482b1ae5281611c9dcc
2024-05-17,828.81,,ft,Approved,,2025-03-11T21:18:57.099472+00:00,e9286e10fdf94482b1ae5281611c9dcc
2024-05-18,827.14,,ft,Approved,,2025-03-11T21:18:57.099472+00:00,e9286e10fdf94482b1ae5281611c9dcc
2024-05-19,826.47,,ft,Approved,,2025-03-11T21:18:57.099472+00:00,e9286e10fdf94482b1ae5281611c9dcc
2024-05-20,826.2,,ft,Approved,,2025-03-11T21:18:57.099472+00:00,e9286e10fdf94482b1ae5281611c9dcc
2024-05-21,826.06,,ft,Approved,,2025-03-11T21:18:57.099472+00:00,e9286e10fdf94482b1ae5281611c9dcc
2024-05-22,825.97,,ft,Approved,,2025-03-11T21:18:57.099472+00:00,e9286e10fdf94482b1ae5281611c9dcc
2024-05-23,825.92,,ft,Approved,,2025-03-11T21:18:57.099472+00:00,e9286e10fdf94482b1ae5281611c9dcc
2024-05-24,825.88,,ft,Approved,,2025-03-11T21:18:57.099472+00:00,e9286e10fdf94482b1ae5281611c9dcc
2024-05-25,825.84,,ft,Approved,,2025-03-11T21:18:57.099472+00:00,e9286e10fdf94482b1ae5281611c9dcc
2024-05-26,825.8,,ft,Approved,,2025-03-11T21:18:57.099472+00:00,e9286e10fdf94482b1ae5281611c9dcc
2024-05-27,825.78,,ft,Approved,,2025-03-11T21:18:57.099472+00:00,e9286e10fdf94482b1ae5281611c9dcc
2024-05-28,825.75,,ft,Approved,,2025-03-11T21:18:57.099472+00:00,e9286e10fdf94482b1ae5281611c9dcc
2024-05-29,826.7,,ft,Approved,,2025-03-11T21:18:57.099472+00:00,e9286e10fdf94482b1ae5281611c9dcc
2024-05-30,826.47,,ft,Approved,,2025-03-11T21:18:57.099472+00:00,e9286e10fdf94482b1ae5281611c9dcc
2024-05-31,827.39,,ft,Approved,,2025-03-11T21:18:57.099472+00:00,e9286e10fdf94482b1ae5281611c9dcc
2024-06-01,826.93,,ft,Approved,,2025-03-11T21:18:57.099472+00:00,e9286e10fdf94482b1ae5281611c9dcc
2024-06-02,826.43,,ft,Approved,,2025-03-11T21:18:57.099472+00:00,e9286e10fdf94482b1ae5281611c9dcc
2024-06-03,826.18,,ft,Approved,,2025-03-11T21:18:57.099472+00:00,e9286e10fdf94482b1ae5281611c9dcc
2024-06-04,826.04,,ft,Approved,,2025-03-11T21:18:57.099472+00:00,e9286e10fdf94482b1ae5281611c9dcc
2024-06-05,825.95,,ft,Approved,,2025-03-11T21:18:57.099472+00:00,e9286e10fdf94482b1ae5281611c9dcc
2024-06-06,825.89,,ft,Approved,,2025-03-11T21:18:57.099472+00:00,e9286e10fdf94482b1ae5281611c9dcc
2024-06-07,825.84,,ft,Approved,,2025-03-11T21:18:57.099472+00:00,e9286e10fdf94482b1ae5281611c9dcc
2024-06-08,825.79,,ft,Approved,,2025-03-11T21:18:57.099472+00:00,e9286e10fdf94482b1ae5281611c9dcc
2024-06-09,825.75,,ft,Approved,,2025-03-11T21:18:57.099472+00:00,e9286e10fdf94482b1ae5281611c9dcc
2024-06-10,825.75,,ft,Approved,,2025-03-11T21:18:57.099472+00:00,e9286e10fdf94482b1ae5281611c9dcc
2024-06-11,826.04,,ft,Approved,,2025-03-11T21:18:57.099472+00:00,e9286e10fdf94482b1ae5281611c9dcc
2024-06-12,826.33,,ft,Approved,,2025-03-11T21:18:57.099472+00:00,e9286e10fdf94482b1ae5281611c9dcc
2024-06-13,826.12,,ft,Approved,,2025-03-11T21:18:57.099472+00:00,e9286e10fdf94482b1ae5281611c9dcc
2024-06-14,825.96,,ft,Approved,,2025-03-11T21:18:57.099472+00:00,e9286e10fdf94482b1ae5281611c9dcc
2024-06-15,825.85,,ft,Approved,,2025-03-11T21:18:57.099472+00:00,e9286e10fdf94482b1ae5281611c9dcc
2024-06-16,825.78,,ft,Approved,,2025-03-11T21:18:57.099472+00:00,e9286e10fdf94482b1ae5281611c9dcc
2024-06-17,825.73,,ft,Approved,,2025-03-11T21:18:57.099472+00:00,e9286e10fdf94482b1ae5281611c9dcc
2024-06-18,825.69,,ft,Approved,,2025-03-11T21:18:57.099472+00:00,e9286e10fdf94482b1ae5281611c9dcc
2024-06-19,825.69,,ft,Approved,,2025-03-11T21:18:57.099472+00:00,e9286e10fdf94482b1ae5281611c9dcc
2024-06-20,826.73,,ft,Approved,,2025-03-11T21:18:57.099472+00:00,e9286e10fdf94482b1ae5281611c9dcc
2024-06-21,826.49,,ft,Approved,,2025-03-11T21:18:57.099472+00:00,e9286e10fdf94482b1ae5281611c9dcc
2024-06-22,826.17,,ft,Approved,,2025-03-11T21:18:57.099472+00:00,e9286e10fdf94482b1ae5281611c9dcc
2024-06-23,825.99,,ft,Approved,,2025-03-11T21:18:57.099472+00:00,e9286e10fdf94482b1ae5281611c9dcc
2024-06-24,825.88,,ft,Approved,,2025-03-11T21:18:57.099472+00:00,e9286e10fdf94482b1ae5281611c9dcc
2024-06-25,825.8,,ft,Approved,,2025-03-11T21:18:57.099472+00:00,e9286e10fdf94482b1ae5281611c9dcc
2024-06-26,825.75,,ft,Approved,,2025-03-11T21:18:57.099472+00:00,e9286e10fdf94482b1ae5281611c9dcc
2024-06-27,825.71,,ft,Approved,,2025-03-11T21:18:57.099472+00:00,e9286e10fdf94482b1ae5281611c9dcc
2024-06-28,825.67,,ft,Approved,,2025-03-11T21:18:57.099472+00:00,e9286e10fdf94482b1ae5281611c9dcc
2024-06-29,825.64,,ft,Approved,,2025-03-11T21:18:57.099472+00:00,e9286e10fdf94482b1ae5281611c9dcc
2024-06-30,825.61,,ft,Approved,,2025-03-11T21:18:57.099472+00:00,e9286e10fdf94482b1ae5281611c9dcc
2024-07-01,825.59,,ft,Approved,,2025-03-11T21:18:57.099472+00:00,e9286e10fdf94482b1ae5281611c9dcc
2024-07-02,825.56,,ft,Approved,,2025-03-11T21:18:57.099472+00:00,e9286e10fdf94482b1ae5281611c9dcc
2024-07-03,825.54,,ft,Approved,,2025-03-11T21:18:57.099472+00:00,e9286e10fdf94482b1ae5281611c9dcc
2024-07-04,825.52,,ft,Approved,,2025-03-11T21:18:57.099472+00:00,e9286e10fdf94482b1ae5281611c9dcc
2024-07-05,825.5,,ft,Approved,,2025-03-11T21:18:57.099472+00:00,e9286e10fdf94482b1ae5281611c9dcc
2024-07-06,825.5,,ft,Approved,,2025-03-11T21:18:57.099472+00:00,e9286e10fdf94482b1ae5281611c9dcc
2024-07-07,825.65,,ft,Approved,,2025-03-11T21:18:57.099472+00:00,e9286e10fdf94482b1ae5281611c9dcc
2024-07-08,825.64,,ft,Approved,,2025-03-11T21:18:57.099472+00:00,e9286e10fdf94482b1ae5281611c9dcc
2024-07-09,825.61,,ft,Approved,,2025-03-11T21:18:57.099472+00:00,e9286e10fdf94482b1ae5281611c9dcc
2024-07-10,825.57,,ft,Approved,,2025-03-11T21:18:57.099472+00:00,e9286e10fdf94482b1ae5281611c9dcc
2024-07-11,825.54,,ft,Approved,,2025-03-11T21:18:57.099472+00:00,e9286e10fdf94482b1ae5281611c9dcc
2024-07-12,825.52,,ft,Approved,,2025-03-11T21:18:57.099472+00:00,e9286e10fdf94482b1ae5281611c9dcc
2024-07-13,825.51,,ft,Approved,,2025-03-11T21:18:57.099472+00:00,e9286e10fdf94482b1ae5281611c9dcc
2024-07-14,825.51,,ft,Approved,,2025-03-11T21:18:57.099472+00:00,e9286e10fdf94482b1ae5281611c9dcc
2024-07-15,825.49,,ft,Approved,,2025-03-11T21:18:57.099472+00:00,e9286e10fdf94482b1ae5281611c9dcc
2024-07-16,825.47,,ft,Approved,,2025-03-11T21:18:57.099472+00:00,e9286e10fdf94482b1ae5281611c9dcc
2024-07-17,825.45,,ft,Approved,,2025-03-11T21:18:57.099472+00:00,e9286e10fdf94482b1ae5281611c9dcc
2024-07-18,825.71,,ft,Approved,,2025-03-11T21:18:57.099472+00:00,e9286e10fdf94482b1ae5281611c9dcc
2024-07-19,825.97,,ft,Approved,,2025-03-11T21:18:57.099472+00:00,e9286e10fdf94482b1ae5281611c9dcc
2024-07-20,825.83,,ft,Approved,,2025-03-11T21:18:57.099472+00:00,e9286e10fdf94482b1ae5281611c9dcc
2024-07-21,826.01,,ft,Approved,,2025-03-11T21:18:57.099472+00:00,e9286e10fdf94482b1ae5281611c9dcc
2024-07-22,826.84,,ft,Approved,,2025-03-11T21:18:57.099472+00:00,e9286e10fdf94482b1ae5281611c9dcc
2024-07-23,826.59,,ft,Approved,,2025-03-11T21:18:57.099472+00:00,e9286e10fdf94482b1ae5281611c9dcc
2024-07-24,826.41,,ft,Approved,,2025-03-11T21:18:57.099472+00:00,e9286e10fdf94482b1ae5281611c9dcc
2024-07-25,826.12,,ft,Approved,,2025-03-11T21:18:57.099472+00:00,e9286e10fdf94482b1ae5281611c9dcc
2024-07-26,825.96,,ft,Approved,,2025-03-11T21:18:57.099472+00:00,e9286e10fdf94482b1ae5281611c9dcc
2024-07-27,825.87,,ft,Approved,,2025-03-11T21:18:57.099472+00:00,e9286e10fdf94482b1ae5281611c9dcc
2024-07-28,825.82,,ft,Approved,,2025-03-11T21:18:57.099472+00:00,e9286e10fdf94482b1ae5281611c9dcc
2024-07-29,825.83,,ft,Approved,,2025-03-11T21:18:57.099472+00:00,e9286e10fdf94482b1ae5281611c9dcc
2024-07-30,825.77,,ft,Approved,,2025-03-11T21:18:57.099472+00:00,e9286e10fdf94482b1ae5281611c9dcc
2024-07-31,825.72,,ft,Approved,,2025-03-11T21:18:57.099472+00:00,e9286e10fdf94482b1ae5281611c9dcc
2024-08-01,825.68,,ft,Approved,,2025-03-11T21:18:57.099472+00:00,e9286e10fdf94482b1ae5281611c9dcc
2024-08-02,825.65,,ft,Approved,,2025-03-11T21:18:57.099472+00:00,e9286e10fdf94482b1ae5281611c9dcc
2024-08-03,825.62,,ft,Approved,,2025-03-11T21:18:57.099472+00:00,e9286e10fdf94482b1ae5281611c9dcc
2024-08-04,825.83,,ft,Approved,,2025-03-11T21:18:57.099472+00:00,e9286e10fdf94482b1ae5281611c9dcc
2024-08-05,826.5,,ft,Approved,,2025-03-11T21:18:57.099472+00:00,e9286e10fdf94482b1ae5281611c9dcc
2024-08-06,826.16,,ft,Approved,,2025-03-11T21:18:57.099472+00:00,e9286e10fdf94482b1ae5281611c9dcc
2024-08-07,825.94,,ft,Approved,,2025-03-11T21:18:57.099472+00:00,e9286e10fdf94482b1ae5281611c9dcc
2024-08-08,825.81,,ft,Approved,,2025-03-11T21:18:57.099472+00:00,e9286e10fdf94482b1ae5281611c9dcc
2024-08-09,825.73,,ft,Approved,,2025-03-11T21:18:57.099472+00:00,e9286e10fdf94482b1ae5281611c9dcc
2024-08-10,825.71,,ft,Approved,,2025-03-11T21:18:57.099472+00:00,e9286e10fdf94482b1ae5281611c9dcc
2024-08-11,825.67,,ft,Approved,,2025-03-11T21:18:57.099472+00:00,e9286e10fdf94482b1ae5281611c9dcc
2024-08-12,825.62,,ft,Approved,,2025-03-11T21:18:57.099472+00:00,e9286e10fdf94482b1ae5281611c9dcc
2024-08-13,825.59,,ft,Approved,,2025-03-11T21:18:57.099472+00:00,e9286e10fdf94482b1ae5281611c9dcc
2024-08-14,825.56,,ft,Approved,,2025-03-11T21:18:57.099472+00:00,e9286e10fdf94482b1ae5281611c9dcc
2024-08-15,825.54,,ft,Approved,,2025-03-11T21:18:57.099472+00:00,e9286e10fdf94482b1ae5281611c9dcc
2024-08-16,825.52,,ft,Approved,,2025-03-11T21:18:57.099472+00:00,e9286e10fdf94482b1ae5281611c9dcc
2024-08-17,825.5,,ft,Approved,,2025-03-11T21:18:57.099472+00:00,e9286e10fdf94482b1ae5281611c9dcc
2024-08-18,825.48,,ft,Approved,,2025-03-11T21:18:57.099472+00:00,e9286e10fdf94482b1ae5281611c9dcc
2024-08-19,825.46,,ft,Approved,,2025-03-11T21:18:57.099472+00:00,e9286e10fdf94482b1ae5281611c9dcc
2024-08-20,825.45,,ft,Approved,,2025-03-11T21:18:57.099472+00:00,e9286e10fdf94482b1ae5281611c9dcc
2024-08-21,825.45,,ft,Approved,,2025-03-11T21:18:57.099472+00:00,e9286e10fdf94482b1ae5281611c9dcc
2024-08-22,825.45,,ft,Approved,,2025-03-11T21:18:57.099472+00:00,e9286e10fdf94482b1ae5281611c9dcc
2024-08-23,825.45,,ft,Approved,,2025-03-11T21:18:57.099472+00:00,e9286e10fdf94482b1ae5281611c9dcc
2024-08-24,825.45,,ft,Approved,,2025-03-11T21:18:57.099472+00:00,e9286e10fdf94482b1ae5281611c9dcc
2024-08-25,825.45,,ft,Approved,,2025-03-11T21:18:57.099472+00:00,e9286e10fdf94482b1ae5281611c9dcc
2024-08-26,825.47,,ft,Approved,,2025-03-11T21:18:57.099472+00:00,e9286e10fdf94482b1ae5281611c9dcc
2024-08-27,825.7,,ft,Approved,,2025-03-11T21:18:57.099472+00:00,e9286e10fdf94482b1ae5281611c9dcc
2024-08-28,825.84,,ft,Approved,,2025-03-11T21:18:57.099472+00:00,e9286e10fdf94482b1ae5281611c9dcc
2024-08-29,825.75,,ft,Approved,,2025-03-11T21:18:57.099472+00:00,e9286e10fdf94482b1ae5281611c9dcc
2024-08-30,825.68,,ft,Approved,,2025-03-11T21:18:57.099472+00:00,e9286e10fdf94482b1ae5281611c9dcc
2024-08-31,825.64,,ft,Approved,,2025-03-11T21:18:57.099472+00:00,e9286e10fdf94482b1ae5281611c9dcc
2024-09-01,825.62,,ft,Approved,,2025-03-11T21:18:57.099472+00:00,e9286e10fdf94482b1ae5281611c9dcc
2024-09-02,825.6,,ft,Approved,,2025-03-11T21:18:57.099472+00:00,e9286e10fdf94482b1ae5281611c9dcc
2024-09-03,825.59,,ft,Approved,,2025-03-11T21:18:57.099472+00:00,e9286e10fdf94482b1ae5281611c9dcc
2024-09-04,825.61,,ft,Approved,,2025-03-11T21:18:57.099472+00:00,e9286e10fdf94482b1ae5281611c9dcc
2024-09-05,825.62,,ft,Approved,,2025-03-11T21:18:57.099472+00:00,e9286e10fdf94482b1ae5281611c9dcc
2024-09-06,825.61,,ft,Approved,,2025-03-11T21:18:57.099472+00:00,e9286e10fdf94482b1ae5281611c9dcc
2024-09-07,825.59,,ft,Approved,,2025-03-11T21:18:57.099472+00:00,e9286e10fdf94482b1ae5281611c9dcc
2024-09-08,825.56,,ft,Approved,,2025-03-11T21:18:57.099472+00:00,e9286e10fdf94482b1ae5281611c9dcc
2024-09-09,825.54,,ft,Approved,,2025-03-11T21:18:57.099472+00:00,e9286e10fdf94482b1ae5281611c9dcc
2024-09-10,825.54,,ft,Approved,,2025-03-11T21:18:57.099472+00:00,e9286e10fdf94482b1ae5281611c9dcc
2024-09-11,825.54,,ft,Approved,,2025-03-11T21:18:57.099472+00:00,e9286e10fdf94482b1ae5281611c9dcc
2024-09-12,825.54,,ft,Approved,,2025-03-11T21:18:57.099472+00:00,e9286e10fdf94482b1ae5281611c9dcc
2024-09-13,825.54,,ft,Approved,,2025-03-11T21:18:57.099472+00:00,e9286e10fdf94482b1ae5281611c9dcc
2024-09-14,825.54,,ft,Approved,,2025-03-11T21:18:57.099472+00:00,e9286e10fdf94482b1ae5281611c9dcc
2024-09-15,825.53,,ft,Approved,,2025-03-11T21:18:57.099472+00:00,e9286e10fdf94482b1ae5281611c9dcc
2024-09-16,825.53,,ft,Approved,,2025-03-11T21:18:57.099472+00:00,e9286e10fdf94482b1ae5281611c9dcc
2024-09-17,825.52,,ft,Approved,,2025-03-11T21:18:57.099472+00:00,e9286e10fdf94482b1ae5281611c9dcc
2024-09-18,825.53,,ft,Approved,,2025-03-11T21:18:57.099472+00:00,e9286e10fdf94482b1ae5281611c9dcc
2024-09-19,825.53,,ft,Approved,,2025-03-11T21:18:57.099472+00:00,e9286e10fdf94482b1ae5281611c9dcc
2024-09-20,825.53,,ft,Approved,,2025-03-11T21:18:57.099472+00:00,e9286e10fdf94482b1ae5281611c9dcc
2024-09-21,825.53,,ft,Approved,,2025-03-11T21:18:57.099472+00:00,e9286e10fdf94482b1ae5281611c9dcc
2024-09-22,825.52,,ft,Approved,,2025-03-11T21:18:57.099472+00:00,e9286e10fdf94482b1ae5281611c9dcc
2024-09-23,825.54,,ft,Approved,,2025-03-11T21:18:57.099472+00:00,e9286e10fdf94482b1ae5281611c9dcc
2024-09-24,825.57,,ft,Approved,,2025-03-11T21:18:57.099472+00:00,e9286e10fdf94482b1ae5281611c9dcc
2024-09-25,825.56,,ft,Approved,,2025-03-11T21:18:57.099472+00:00,e9286e10fdf94482b1ae5281611c9dcc
2024-09-26,825.54,,ft,Approved,,2025-03-11T21:18:57.099472+00:00,e9286e10fdf94482b1ae5281611c9dcc
2024-09-27,825.52,,ft,Approved,,2025-03-11T21:18:57.099472+00:00,e9286e10fdf94482b1ae5281611c9dcc
2024-09-28,825.51,,ft,Approved,,2025-03-11T21:18:57.099472+00:00,e9286e10fdf94482b1ae5281611c9dcc
2024-09-29,825.5,,ft,Approved,,2025-03-11T21:18:57.099472+00:00,e9286e10fdf94482b1ae5281611c9dcc
2024-09-30,825.5,,ft,Approved,,2025-03-11T21:18:57.099472+00:00,e9286e10fdf94482b1ae5281611c9dcc
2024-10-01,825.5,,ft,Approved,,2025-03-11T21:18:57.099472+00:00,e9286e10fdf94482b1ae5281611c9dcc
2024-10-02,825.49,,ft,Approved,,2025-03-11T21:18:57.099472+00:00,e9286e10fdf94482b1ae5281611c9dcc
2024-10-03,825.49,,ft,Approved,,2025-03-11T21:18:57.099472+00:00,e9286e10fdf94482b1ae5281611c9dcc
2024-10-04,825.49,,ft,Approved,,2025-03-11T21:18:57.099472+00:00,e9286e10fdf94482b1ae5281611c9dcc
2024-10-05,825.49,,ft,Approved,,2025-03-11T21:18:57.099472+00:00,e9286e10fdf94482b1ae5281611c9dcc
2024-10-06,825.49,,ft,Approved,,2025-03-11T21:18:57.099472+00:00,e9286e10fdf94482b1ae5281611c9dcc
2024-10-07,825.5,,ft,Approved,,2025-03-11T21:18:57.099472+00:00,e9286e10fdf94482b1ae5281611c9dcc
2024-10-08,825.5,,ft,Approved,,2025-03-11T21:18:57.099472+00:00,e9286e10fdf94482b1ae5281611c9dcc
2024-10-09,825.5,,ft,Approved,,2025-03-11T21:18:57.099472+00:00,e9286e10fdf94482b1ae5281611c9dcc
2024-10-10,825.5,,ft,Approved,,2025-03-11T21:18:57.099472+00:00,e9286e10fdf94482b1ae5281611c9dcc
2024-10-11,825.5,,ft,Approved,,2025-03-11T21:18:57.099472+00:00,e9286e10fdf94482b1ae5281611c9dcc
2024-10-12,825.5,,ft,Approved,,2025-03-11T21:18:57.099472+00:00,e9286e10fdf94482b1ae5281611c9dcc
2024-10-13,825.49,,ft,Approved,,2025-03-11T21:18:57.099472+00:00,e9286e10fdf94482b1ae5281611c9dcc
2024-10-14,825.48,,ft,Approved,,2025-03-11T21:18:57.099472+00:00,e9286e10fdf94482b1ae5281611c9dcc
2024-10-15,825.49,,ft,Approved,,2025-03-11T21:18:57.099472+00:00,e9286e10fdf94482b1ae5281611c9dcc
2024-10-16,825.47,,ft,Approved,,2025-03-11T21:18:57.099472+00:00,e9286e10fdf94482b1ae5281611c9dcc
2024-10-17,825.47,,ft,Approved,,2025-03-11T21:18:57.099472+00:00,e9286e10fdf94482b1ae5281611c9dcc
2024-10-18,825.48,,ft,Approved,,2025-03-11T21:18:57.099472+00:00,e9286e10fdf94482b1ae5281611c9dcc
2024-10-19,825.5,,ft,Approved,,2025-03-11T21:18:57.099472+00:00,e9286e10fdf94482b1ae5281611c9dcc
2024-10-20,825.5,,ft,Approved,,2025-03-11T21:18:57.099472+00:00,e9286e10fdf94482b1ae5281611c9dcc
2024-10-21,825.51,,ft,Approved,,2025-03-11T21:18:57.099472+00:00,e9286e10fdf94482b1ae5281611c9dcc
2024-10-22,825.52,,ft,Approved,,2025-03-11T21:18:57.099472+00:00,e9286e10fdf94482b1ae5281611c9dcc
2024-10-23,825.51,,ft,Approved,,2025-03-11T21:18:57.099472+00:00,e9286e10fdf94482b1ae5281611c9dcc
2024-10-24,825.52,,ft,Approved,,2025-03-11T21:18:57.099472+00:00,e9286e10fdf94482b1ae5281611c9dcc
2024-10-25,825.52,,ft,Approved,,2025-03-11T21:18:57.099472+00:00,e9286e10fdf94482b1ae5281611c9dcc
2024-10-26,825.52,,ft,Approved,,2025-03-11T21:18:57.099472+00:00,e9286e10fdf94482b1ae5281611c9dcc
2024-10-27,825.53,,ft,Approved,,2025-03-11T21:18:57.099472+00:00,e9286e10fdf94482b1ae5281611c9dcc
2024-10-28,825.54,,ft,Approved,,2025-03-11T21:18:57.099472+00:00,e9286e10fdf94482b1ae5281611c9dcc
2024-10-29,825.54,,ft,Approved,,2025-03-11T21:18:57.099472+00:00,e9286e10fdf94482b1ae5281611c9dcc
2024-10-30,825.54,,ft,Approved,,2025-03-11T21:18:57.099472+00:00,e9286e10fdf94482b1ae5281611c9dcc
2024-10-31,825.54,,ft,Approved,,2025-03-11T21:18:57.099472+00:00,e9286e10fdf94482b1ae5281611c9dcc
2024-11-01,825.54,,ft,Approved,,2025-03-11T21:18:57.099472+00:00,e9286e10fdf94482b1ae5281611c9dcc
2024-11-02,825.55,,ft,Approved,,2025-03-11T21:18:57.099472+00:00,e9286e10fdf94482b1ae5281611c9dcc
2024-11-03,825.57,,ft,Approved,,2025-03-11T21:18:57.099472+00:00,e9286e10fdf94482b1ae5281611c9dcc
2024-11-04,825.59,,ft,Approved,,2025-03-11T21:18:57.099472+00:00,e9286e10fdf94482b1ae5281611c9dcc
2024-11-05,826.95,,ft,Approved,,2025-03-11T21:18:57.099472+00:00,e9286e10fdf94482b1ae5281611c9dcc
2024-11-06,826.48,,ft,Approved,,2025-03-11T21:18:57.099472+00:00,e9286e10fdf94482b1ae5281611c9dcc
2024-11-07,826.11,,ft,Approved,,2025-03-11T21:18:57.099472+00:00,e9286e10fdf94482b1ae5281611c9dcc
2024-11-08,825.92,,ft,Approved,,2025-03-11T21:18:57.099472+00:00,e9286e10fdf94482b1ae5281611c9dcc
2024-11-09,825.82,,ft,Approved,,2025-03-11T21:18:57.099472+00:00,e9286e10fdf94482b1ae5281611c9dcc
2024-11-10,825.76,,ft,Approved,,2025-03-11T21:18:57.099472+00:00,e9286e10fdf94482b1ae5281611c9dcc
2024-11-11,825.72,,ft,Approved,,2025-03-11T21:18:57.099472+00:00,e9286e10fdf94482b1ae5281611c9dcc
2024-11-12,825.7,,ft,Approved,,2025-03-11T21:18:57.099472+00:00,e9286e10fdf94482b1ae5281611c9dcc
2024-11-13,825.68,,ft,Approved,,2025-03-11T21:18:57.099472+00:00,e9286e10fdf94482b1ae5281611c9dcc
2024-11-14,825.66,,ft,Approved,,2025-03-11T21:18:57.099472+00:00,e9286e10fdf94482b1ae5281611c9dcc
2024-11-15,825.65,,ft,Approved,,2025-03-11T21:18:57.099472+00:00,e9286e10fdf94482b1ae5281611c9dcc
2024-11-16,825.65,,ft,Approved,,2025-03-11T21:18:57.099472+00:00,e9286e10fdf94482b1ae5281611c9dcc
2024-11-17,825.65,,ft,Approved,,2025-03-11T21:18:57.099472+00:00,e9286e10fdf94482b1ae5281611c9dcc
2024-11-18,825.68,,ft,Approved,,2025-03-11T21:18:57.099472+00:00,e9286e10fdf94482b1ae5281611c9dcc
2024-11-19,825.73,,ft,Approved,,2025-03-11T21:18:57.099472+00:00,e9286e10fdf94482b1ae5281611c9dcc
2024-11-20,825.7,,ft,Approved,,2025-03-11T21:18:57.099472+00:00,e9286e10fdf94482b1ae5281611c9dcc
2024-11-21,825.67,,ft,Approved,,2025-03-11T21:18:57.099472+00:00,e9286e10fdf94482b1ae5281611c9dcc
2024-11-22,825.68,,ft,Approved,,2025-03-11T21:18:57.099472+00:00,e9286e10fdf94482b1ae5281611c9dcc
2024-11-23,825.68,,ft,Approved,,2025-03-11T21:18:57.099472+00:00,e9286e10fdf94482b1ae5281611c9dcc
2024-11-24,825.69,,ft,Approved,,2025-03-11T21:18:57.099472+00:00,e9286e10fdf94482b1ae5281611c9dcc
2024-11-25,825.68,,ft,Approved,,2025-03-11T21:18:57.099472+00:00,e9286e10fdf94482b1ae5281611c9dcc
2024-11-26,825.66,,ft,Approved,,2025-03-11T21:18:57.099472+00:00,e9286e10fdf94482b1ae5281611c9dcc
2024-11-27,825.67,,ft,Approved,,2025-03-11T21:18:57.099472+00:00,e9286e10fdf94482b1ae5281611c9dcc
2024-11-28,825.66,,ft,Approved,,2025-03-11T21:18:57.099472+00:00,e9286e10fdf94482b1ae5281611c9dcc
2024-11-29,825.64,,ft,Approved,,2025-03-11T21:18:57.099472+00:00,e9286e10fdf94482b1ae5281611c9dcc
2024-11-30,825.64,,ft,Approved,,2025-03-11T21:18:57.099472+00:00,e9286e10fdf94482b1ae5281611c9dcc
2024-12-01,825.65,,ft,Approved,,2025-03-11T21:18:57.099472+00:00,e9286e10fdf94482b1ae5281611c9dcc
2024-12-02,825.66,,ft,Approved,,2025-03-11T21:18:57.099472+00:00,e9286e10fdf94482b1ae5281611c9dcc
2024-12-03,825.65,,ft,Approved,,2025-03-11T21:18:57.099472+00:00,e9286e10fdf94482b1ae5281611c9dcc
2024-12-04,825.67,,ft,Approved,,2025-03-11T21:18:57.099472+00:00,e9286e10fdf94482b1ae5281611c9dcc
2024-12-05,825.7,,ft,Approved,,2025-03-11T21:18:57.099472+00:00,e9286e10fdf94482b1ae5281611c9dcc
2024-12-06,825.69,,ft,Approved,,2025-03-11T21:18:57.099472+00:00,e9286e10fdf94482b1ae5281611c9dcc
2024-12-07,825.7,,ft,Approved,,2025-03-11T21:18:57.099472+00:00,e9286e10fdf94482b1ae5281611c9dcc
2024-12-08,825.82,,ft,Approved,,2025-03-11T21:18:57.099472+00:00,e9286e10fdf94482b1ae5281611c9dcc
2024-12-09,825.81,,ft,Approved,,2025-03-11T21:18:57.099472+00:00,e9286e10fdf94482b1ae5281611c9dcc
2024-12-10,825.75,,ft,Approved,,2025-03-11T21:18:57.099472+00:00,e9286e10fdf94482b1ae5281611c9dcc
2024-12-11,825.69,,ft,Approved,,2025-03-11T21:18:57.099472+00:00,e9286e10fdf94482b1ae5281611c9dcc
2024-12-12,825.66,,ft,Approved,,2025-05-02T17:38:15.804960+00:00,e9286e10fdf94482b1ae5281611c9dcc
2024-12-13,825.66,,ft,Approved,,2025-05-02T17:38:15.804960+00:00,e9286e10fdf94482b1ae5281611c9dcc
2024-12-14,825.78,,ft,Approved,,2025-05-02T17:38:15.804960+00:00,e9286e10fdf94482b1ae5281611c9dcc
2024-12-15,825.84,,ft,Approved,,2025-05-02T17:38:15.804960+00:00,e9286e10fdf94482b1ae5281611c9dcc
2024-12-16,825.81,,ft,Approved,,2025-05-02T17:38:15.804960+00:00,e9286e10fdf94482b1ae5281611c9dcc
2024-12-17,825.77,,ft,Approved,,2025-05-02T17:38:15.804960+00:00,e9286e10fdf94482b1ae5281611c9dcc
2024-12-18,825.73,,ft,Approved,,2025-05-02T17:38:15.804960+00:00,e9286e10fdf94482b1ae5281611c9dcc
2024-12-19,825.7,,ft,Approved,,2025-05-02T17:38:15.804960+00:00,e9286e10fdf94482b1ae5281611c9dcc
2024-12-20,825.68,,ft,Approved,,2025-05-02T17:38:15.804960+00:00,e9286e10fdf94482b1ae5281611c9dcc
2024-12-21,825.66,,ft,Approved,,2025-05-02T17:38:15.804960+00:00,e9286e10fdf94482b1ae5281611c9dcc
2024-12-22,825.66,,ft,Approved,,2025-05-02T17:38:15.804960+00:00,e9286e10fdf94482b1ae5281611c9dcc
2024-12-23,825.66,,ft,Approved,,2025-05-02T17:38:15.804960+00:00,e9286e10fdf94482b1ae5281611c9dcc
2024-12-24,825.66,,ft,Approved,,2025-05-02T17:38:15.804960+00:00,e9286e10fdf94482b1ae5281611c9dcc
2024-12-25,825.65,,ft,Approved,,2025-05-02T17:38:15.804960+00:00,e9286e10fdf94482b1ae5281611c9dcc
2024-12-26,825.66,,ft,Approved,,2025-05-02T17:38:15.804960+00:00,e9286e10fdf94482b1ae5281611c9dcc
2024-12-27,825.65,,ft,Approved,,2025-05-02T17:38:15.804960+00:00,e9286e10fdf94482b1ae5281611c9dcc
2024-12-28,825.66,,ft,Approved,,2025-05-02T17:38:15.804960+00:00,e9286e10fdf94482b1ae5281611c9dcc
2024-12-29,825.65,,ft,Approved,,2025-05-02T17:38:15.804960+00:00,e9286e10fdf94482b1ae5281611c9dcc
2024-12-30,825.64,,ft,Approved,,2025-05-02T17:38:15.804960+00:00,e9286e10fdf94482b1ae5281611c9dcc
2024-12-31,825.63,,ft,Approved,,2025-05-02T17:38:15.804960+00:00,e9286e10fdf94482b1ae5281611c9dcc
2025-01-01,825.62,,ft,Approved,,2025-05-02T17:38:15.804960+00:00,e9286e10fdf94482b1ae5281611c9dcc
2025-01-02,825.61,,ft,Approved,,2025-05-02T17:38:15.804960+00:00,e9286e10fdf94482b1ae5281611c9dcc
2025-01-03,825.62,,ft,Approved,,2025-05-02T17:38:15.804960+00:00,e9286e10fdf94482b1ae5281611c9dcc
2025-01-04,825.63,,ft,Approved,,2025-05-02T17:38:15.804960+00:00,e9286e10fdf94482b1ae5281611c9dcc
2025-01-05,825.64,,ft,Approved,,2025-05-02T17:38:15.804960+00:00,e9286e10fdf94482b1ae5281611c9dcc
2025-01-06,825.6,,ft,Approved,,2025-05-02T17:38:15.804960+00:00,e9286e10fdf94482b1ae5281611c9dcc
2025-01-07,825.59,,ft,Approved,,2025-05-02T17:38:15.804960+00:00,e9286e10fdf94482b1ae5281611c9dcc
2025-01-08,825.59,,ft,Approved,,2025-05-02T17:38:15.804960+00:00,e9286e10fdf94482b1ae5281611c9dcc
2025-01-09,825.66,,ft,Approved,,2025-05-02T17:38:15.804960+00:00,e9286e10fdf94482b1ae5281611c9dcc
2025-01-10,826.62,,ft,Approved,,2025-05-02T17:38:15.804960+00:00,e9286e10fdf94482b1ae5281611c9dcc
2025-01-11,826.28,,ft,Approved,,2025-05-02T17:38:15.804960+00:00,e9286e10fdf94482b1ae5281611c9dcc
2025-01-12,826.02,,ft,Approved,,2025-05-02T17:38:15.804960+00:00,e9286e10fdf94482b1ae5281611c9dcc
2025-01-13,825.89,,ft,Approved,,2025-05-02T17:38:15.804960+00:00,e9286e10fdf94482b1ae5281611c9dcc
2025-01-14,825.81,,ft,Approved,,2025-05-02T17:38:15.804960+00:00,e9286e10fdf94482b1ae5281611c9dcc
2025-01-15,825.76,,ft,Approved,,2025-05-02T17:38:15.804960+00:00,e9286e10fdf94482b1ae5281611c9dcc
2025-01-16,825.72,,ft,Approved,,2025-05-02T17:38:15.804960+00:00,e9286e10fdf94482b1ae5281611c9dcc
2025-01-17,825.7,,ft,Approved,,2025-05-02T17:38:15.804960+00:00,e9286e10fdf94482b1ae5281611c9dcc
2025-01-18,825.68,,ft,Approved,,2025-05-02T17:38:15.804960+00:00,e9286e10fdf94482b1ae5281611c9dcc
2025-01-19,825.65,,ft,Approved,,2025-05-02T17:38:15.804960+00:00,e9286e10fdf94482b1ae5281611c9dcc
2025-01-20,825.62,,ft,Approved,,2025-05-02T17:38:15.804960+00:00,e9286e10fdf94482b1ae5281611c9dcc
2025-01-21,825.62,,ft,Approved,,2025-05-02T17:38:15.804960+00:00,e9286e10fdf94482b1ae5281611c9dcc
2025-01-22,825.62,,ft,Approved,,2025-05-02T17:38:15.804960+00:00,e9286e10fdf94482b1ae5281611c9dcc
2025-01-23,825.62,,ft,Approved,,2025-05-02T17:38:15.804960+00:00,e9286e10fdf94482b1ae5281611c9dcc
2025-01-24,825.61,,ft,Approved,,2025-05-02T17:38:15.804960+00:00,e9286e10fdf94482b1ae5281611c9dcc
2025-01-25,825.61,,ft,Approved,,2025-05-02T17:38:15.804960+00:00,e9286e10fdf94482b1ae5281611c9dcc
2025-01-26,825.63,,ft,Approved,,2025-05-02T17:38:15.804960+00:00,e9286e10fdf94482b1ae5281611c9dcc
2025-01-27,825.63,,ft,Approved,,2025-05-02T17:38:15.804960+00:00,e9286e10fdf94482b1ae5281611c9dcc
2025-01-28,825.63,,ft,Approved,,2025-05-02T17:38:15.804960+00:00,e9286e10fdf94482b1ae5281611c9dcc
2025-01-29,825.64,,ft,Approved,,2025-05-02T17:38:15.804960+00:00,e9286e10fdf94482b1ae5281611c9dcc
2025-01-30,826.44,,ft,Approved,,2025-05-02T17:38:15.804960+00:00,e9286e10fdf94482b1ae5281611c9dcc
2025-01-31,826.65,,ft,Approved,,2025-05-02T17:38:15.804960+00:00,e9286e10fdf94482b1ae5281611c9dcc
2025-02-01,826.21,,ft,Approved,,2025-05-02T17:38:15.804960+00:00,e9286e10fdf94482b1ae5281611c9dcc
2025-02-02,825.99,,ft,Approved,,2025-05-02T17:38:15.804960+00:00,e9286e10fdf94482b1ae5281611c9dcc
2025-02-03,825.88,,ft,Approved,,2025-05-02T17:38:15.804960+00:00,e9286e10fdf94482b1ae5281611c9dcc
2025-02-04,825.82,,ft,Approved,,2025-05-02T17:38:15.804960+00:00,e9286e10fdf94482b1ae5281611c9dcc
2025-02-05,825.78,,ft,Approved,,2025-05-02T17:38:15.804960+00:00,e9286e10fdf94482b1ae5281611c9dcc
2025-02-06,825.77,,ft,Approved,,2025-05-02T17:38:15.804960+00:00,e9286e10fdf94482b1ae5281611c9dcc
2025-02-07,825.76,,ft,Approved,,2025-05-02T17:38:15.804960+00:00,e9286e10fdf94482b1ae5281611c9dcc
2025-02-08,825.74,,ft,Approved,,2025-05-02T17:38:15.804960+00:00,e9286e10fdf94482b1ae5281611c9dcc
2025-02-09,825.7,,ft,Approved,,2025-05-02T17:38:15.804960+00:00,e9286e10fdf94482b1ae5281611c9dcc
2025-02-10,825.68,,ft,Approved,,2025-05-02T17:38:15.804960+00:00,e9286e10fdf94482b1ae5281611c9dcc
2025-02-11,825.93,,ft,Approved,,2025-05-02T17:38:15.804960+00:00,e9286e10fdf94482b1ae5281611c9dcc
2025-02-12,826.82,,ft,Approved,,2025-05-02T17:38:15.804960+00:00,e9286e10fdf94482b1ae5281611c9dcc
2025-02-13,826.67,,ft,Approved,,2025-05-02T17:38:15.804960+00:00,e9286e10fdf94482b1ae5281611c9dcc
2025-02-14,826.28,,ft,Approved,,2025-05-02T17:38:15.804960+00:00,e9286e10fdf94482b1ae5281611c9dcc
2025-02-15,826.11,,ft,Approved,,2025-05-02T17:38:15.804960+00:00,e9286e10fdf94482b1ae5281611c9dcc
2025-02-16,825.98,,ft,Approved,,2025-05-02T17:38:15.804960+00:00,e9286e10fdf94482b1ae5281611c9dcc
2025-02-17,825.89,,ft,Approved,,2025-05-02T17:38:15.804960+00:00,e9286e10fdf94482b1ae5281611c9dcc
2025-02-18,825.86,,ft,Approved,,2025-05-02T17:38:15.804960+00:00,e9286e10fdf94482b1ae5281611c9dcc
2025-02-19,825.83,,ft,Approved,,2025-05-02T17:38:15.804960+00:00,e9286e10fdf94482b1ae5281611c9dcc
2025-02-20,825.79,,ft,Approved,,2025-05-02T17:38:15.804960+00:00,e9286e10fdf94482b1ae5281611c9dcc
2025-02-21,825.76,,ft,Approved,,2025-05-02T17:38:15.804960+00:00,e9286e10fdf94482b1ae5281611c9dcc
2025-02-22,825.75,,ft,Approved,,2025-05-02T17:38:15.804960+00:00,e9286e10fdf94482b1ae5281611c9dcc
2025-02-23,825.76,,ft,Approved,,2025-05-02T17:38:15.804960+00:00,e9286e10fdf94482b1ae5281611c9dcc
2025-02-24,825.75,,ft,Approved,,2025-05-02T17:38:15.804960+00:00,e9286e10fdf94482b1ae5281611c9dcc
2025-02-25,825.74,,ft,Approved,,2025-05-02T17:38:15.804960+00:00,e9286e10fdf94482b1ae5281611c9dcc
2025-02-26,825.73,,ft,Approved,,2025-05-02T17:38:15.804960+00:00,e9286e10fdf94482b1ae5281611c9dcc
2025-02-27,825.71,,ft,Approved,,2025-05-02T17:38:15.804960+00:00,e9286e10fdf94482b1ae5281611c9dcc
2025-02-28,825.69,,ft,Approved,,2025-05-02T17:38:15.804960+00:00,e9286e10fdf94482b1ae5281611c9dcc
2025-03-01,825.69,,ft,Approved,,2025-05-02T17:38:15.804960+00:00,e9286e10fdf94482b1ae5281611c9dcc
2025-03-02,825.68,,ft,Approved,,2025-05-02T17:38:15.804960+00:00,e9286e10fdf94482b1ae5281611c9dcc
2025-03-03,825.68,,ft,Approved,,2025-05-02T17:38:15.804960+00:00,e9286e10fdf94482b1ae5281611c9dcc
2025-03-04,825.72,,ft,Approved,,2025-05-02T17:38:15.804960+00:00,e9286e10fdf94482b1ae5281611c9dcc
2025-03-05,825.77,,ft,Approved,,2025-05-02T17:38:15.804960+00:00,e9286e10fdf94482b1ae5281611c9dcc
2025-03-06,825.74,,ft,Approved,,2025-05-02T17:38:15.804960+00:00,e9286e10fdf94482b1ae5281611c9dcc
2025-03-07,825.72,,ft,Approved,,2025-05-02T17:38:15.804960+00:00,e9286e10fdf94482b1ae5281611c9dcc
2025-03-08,825.71,,ft,Approved,,2025-05-02T17:38:15.804960+00:00,e9286e10fdf94482b1ae5281611c9dcc
2025-03-09,825.69,,ft,Approved,,2025-05-02T17:38:15.804960+00:00,e9286e10fdf94482b1ae5281611c9dcc
2025-03-10,825.67,,ft,Approved,,2025-05-02T17:38:15.804960+00:00,e9286e10fdf94482b1ae5281611c9dcc
2025-03-11,825.68,,ft,Approved,,2025-05-02T17:38:15.804960+00:00,e9286e10fdf94482b1ae5281611c9dcc
2025-03-12,825.67,,ft,Approved,,2025-05-02T17:38:15.804960+00:00,e9286e10fdf94482b1ae5281611c9dcc
2025-03-13,825.67,,ft,Approved,,2025-05-02T17:38:15.804960+00:00,e9286e10fdf94482b1ae5281611c9dcc
2025-03-14,825.67,,ft,Approved,,2025-05-02T17:38:15.804960+00:00,e9286e10fdf94482b1ae5281611c9dcc
2025-03-15,825.66,,ft,Approved,,2025-05-02T17:38:15.804960+00:00,e9286e10fdf94482b1ae5281611c9dcc
2025-03-16,825.64,,ft,Approved,,2025-05-02T17:38:15.804960+00:00,e9286e10fdf94482b1ae5281611c9dcc
2025-03-17,825.64,,ft,Approved,,2025-05-02T17:38:15.804960+00:00,e9286e10fdf94482b1ae5281611c9dcc
2025-03-18,825.64,,ft,Approved,,2025-05-02T17:38:15.804960+00:00,e9286e10fdf94482b1ae5281611c9dcc
2025-03-19,825.64,,ft,Approved,,2025-05-02T17:38:15.804960+00:00,e9286e10fdf94482b1ae5281611c9dcc
2025-03-20,825.61,,ft,Approved,,2025-05-02T17:38:15.804960+00:00,e9286e10fdf94482b1ae5281611c9dcc
2025-03-21,825.62,,ft,Approved,,2025-05-02T17:38:15.804960+00:00,e9286e10fdf94482b1ae5281611c9dcc
2025-03-22,825.63,,ft,Approved,,2025-05-02T17:38:15.804960+00:00,e9286e10fdf94482b1ae5281611c9dcc
2025-03-23,825.64,,ft,Approved,,2025-05-02T17:38:15.804960+00:00,e9286e10fdf94482b1ae5281611c9dcc
2025-03-24,825.64,,ft,Approved,,2025-05-02T17:38:15.804960+00:00,e9286e10fdf94482b1ae5281611c9dcc
2025-03-25,825.64,,ft,Approved,,2025-05-02T17:38:15.804960+00:00,e9286e10fdf94482b1ae5281611c9dcc
2025-03-26,825.64,,ft,Approved,,2025-05-02T17:38:15.804960+00:00,e9286e10fdf94482b1ae5281611c9dcc
2025-03-27,825.83,,ft,Approved,,2025-05-02T17:38:15.804960+00:00,e9286e10fdf94482b1ae5281611c9dcc
2025-03-28,826.8,,ft,Approved,,2025-05-02T17:38:15.804960+00:00,e9286e10fdf94482b1ae5281611c9dcc
2025-03-29,826.38,,ft,Approved,,2025-05-02T17:38:15.804960+00:00,e9286e10fdf94482b1ae5281611c9dcc
2025-03-30,826.11,,ft,Approved,,2025-05-02T17:38:15.804960+00:00,e9286e10fdf94482b1ae5281611c9dcc
2025-03-31,825.97,,ft,Approved,,2025-05-02T17:38:15.804960+00:00,e9286e10fdf94482b1ae5281611c9dcc
2025-04-01,825.89,,ft,Approved,,2025-05-02T17:38:15.804960+00:00,e9286e10fdf94482b1ae5281611c9dcc
2025-04-02,825.86,,ft,Approved,,2025-05-02T17:38:15.804960+00:00,e9286e10fdf94482b1ae5281611c9dcc
2025-04-03,825.83,,ft,Approved,,2025-05-02T17:38:15.804960+00:00,e9286e10fdf94482b1ae5281611c9dcc
2025-04-04,825.8,,ft,Approved,,2025-05-02T17:38:15.804960+00:00,e9286e10fdf94482b1ae5281611c9dcc
2025-04-05,825.93,,ft,Approved,,2025-05-02T17:38:15.804960+00:00,e9286e10fdf94482b1ae5281611c9dcc
2025-04-06,826.07,,ft,Approved,,2025-05-02T17:38:15.804960+00:00,e9286e10fdf94482b1ae5281611c9dcc
2025-04-07,825.94,,ft,Approved,,2025-05-02T17:38:15.804960+00:00,e9286e10fdf94482b1ae5281611c9dcc
2025-04-08,825.85,,ft,Approved,,2025-05-02T17:38:15.804960+00:00,e9286e10fdf94482b1ae5281611c9dcc
2025-04-09,825.81,,ft,Approved,,2025-05-02T17:38:15.804960+00:00,e9286e10fdf94482b1ae5281611c9dcc
2025-04-10,825.76,,ft,Approved,,2025-05-02T17:38:15.804960+00:00,e9286e10fdf94482b1ae5281611c9dcc
2025-04-11,825.73,,ft,Approved,,2025-05-02T17:38:15.804960+00:00,e9286e10fdf94482b1ae5281611c9dcc
2025-04-12,825.7,,ft,Approved,,2025-05-02T17:38:15.804960+00:00,e9286e10fdf94482b1ae5281611c9dcc
2025-04-13,825.68,,ft,Approved,,2025-05-02T17:38:15.804960+00:00,e9286e10fdf94482b1ae5281611c9dcc
2025-04-14,825.65,,ft,Approved,,2025-05-02T17:38:15.804960+00:00,e9286e10fdf94482b1ae5281611c9dcc
2025-04-15,825.64,,ft,Approved,,2025-05-02T17:38:15.804960+00:00,e9286e10fdf94482b1ae5281611c9dcc
2025-04-16,825.63,,ft,Approved,,2025-07-21T20:07:18.640525+00:00,e9286e10fdf94482b1ae5281611c9dcc
2025-04-17,825.62,,ft,Approved,,2025-07-21T20:07:18.640525+00:00,e9286e10fdf94482b1ae5281611c9dcc
2025-04-18,825.61,,ft,Approved,,2025-07-21T20:07:18.640525+00:00,e9286e10fdf94482b1ae5281611c9dcc
2025-04-19,825.61,,ft,Approved,,2025-07-21T20:07:18.640525+00:00,e9286e10fdf94482b1ae5281611c9dcc
2025-04-20,825.64,,ft,Approved,,2025-07-21T20:07:18.640525+00:00,e9286e10fdf94482b1ae5281611c9dcc
2025-04-21,825.7,,ft,Approved,,2025-07-21T20:07:18.640525+00:00,e9286e10fdf94482b1ae5281611c9dcc
2025-04-22,825.67,,ft,Approved,,2025-07-21T20:07:18.640525+00:00,e9286e10fdf94482b1ae5281611c9dcc
2025-04-23,825.96,,ft,Approved,,2025-07-21T20:07:18.640525+00:00,e9286e10fdf94482b1ae5281611c9dcc
2025-04-24,826.08,,ft,Approved,,2025-07-21T20:07:18.640525+00:00,e9286e10fdf94482b1ae5281611c9dcc
2025-04-25,825.96,,ft,Approved,,2025-07-21T20:07:18.640525+00:00,e9286e10fdf94482b1ae5281611c9dcc
2025-04-26,826.11,,ft,Approved,,2025-07-21T20:07:18.640525+00:00,e9286e10fdf94482b1ae5281611c9dcc
2025-04-27,825.98,,ft,Approved,,2025-07-21T20:07:18.640525+00:00,e9286e10fdf94482b1ae5281611c9dcc
2025-04-28,825.87,,ft,Approved,,2025-07-21T20:07:18.640525+00:00,e9286e10fdf94482b1ae5281611c9dcc
2025-04-29,825.8,,ft,Approved,,2025-07-21T20:07:18.640525+00:00,e9286e10fdf94482b1ae5281611c9dcc
2025-04-30,825.75,,ft,Approved,,2025-07-21T20:07:18.640525+00:00,e9286e10fdf94482b1ae5281611c9dcc
2025-05-01,825.72,,ft,Approved,,2025-07-21T20:07:18.640525+00:00,e9286e10fdf94482b1ae5281611c9dcc
2025-05-02,825.68,,ft,Approved,,2025-07-21T20:07:18.640525+00:00,e9286e10fdf94482b1ae5281611c9dcc
2025-05-03,825.67,,ft,Approved,,2025-07-21T20:07:18.640525+00:00,e9286e10fdf94482b1ae5281611c9dcc
2025-05-04,825.64,,ft,Approved,,2025-07-21T20:07:18.640525+00:00,e9286e10fdf94482b1ae5281611c9dcc
2025-05-05,825.68,,ft,Approved,,2025-07-21T20:07:18.640525+00:00,e9286e10fdf94482b1ae5281611c9dcc
2025-05-06,827.06,,ft,Approved,,2025-07-21T20:07:18.640525+00:00,e9286e10fdf94482b1ae5281611c9dcc
2025-05-07,827.36,,ft,Approved,,2025-07-21T20:07:18.640525+00:00,e9286e10fdf94482b1ae5281611c9dcc
2025-05-08,826.51,,ft,Approved,,2025-07-21T20:07:18.640525+00:00,e9286e10fdf94482b1ae5281611c9dcc
2025-05-09,826.17,,ft,Approved,,2025-07-21T20:07:18.640525+00:00,e9286e10fdf94482b1ae5281611c9dcc
2025-05-10,826.02,,ft,Approved,,2025-07-21T20:07:18.640525+00:00,e9286e10fdf94482b1ae5281611c9dcc
2025-05-11,825.94,,ft,Approved,,2025-07-21T20:07:18.640525+00:00,e9286e10fdf94482b1ae5281611c9dcc
2025-05-12,825.88,,ft,Approved,,2025-07-21T20:07:18.640525+00:00,e9286e10fdf94482b1ae5281611c9dcc
2025-05-13,825.82,,ft,Approved,,2025-07-21T20:07:18.640525+00:00,e9286e10fdf94482b1ae5281611c9dcc
2025-05-14,825.77,,ft,Approved,,2025-07-21T20:07:18.640525+00:00,e9286e10fdf94482b1ae5281611c9dcc
2025-05-15,825.74,,ft,Approved,,2025-07-21T20:07:18.640525+00:00,e9286e10fdf94482b1ae5281611c9dcc
2025-05-16,825.71,,ft,Approved,,2025-07-21T20:07:18.640525+00:00,e9286e10fdf94482b1ae5281611c9dcc
2025-05-17,825.68,,ft,Approved,,2025-07-21T20:07:18.640525+00:00,e9286e10fdf94482b1ae5281611c9dcc
2025-05-18,825.65,,ft,Approved,,2025-07-21T20:07:18.640525+00:00,e9286e10fdf94482b1ae5281611c9dcc
2025-05-19,825.63,,ft,Approved,,2025-07-21T20:07:18.640525+00:00,e9286e10fdf94482b1ae5281611c9dcc
2025-05-20,825.62,,ft,Approved,,2025-07-21T20:07:18.640525+00:00,e9286e10fdf94482b1ae5281611c9dcc
2025-05-21,825.59,,ft,Approved,,2025-07-21T20:07:18.640525+00:00,e9286e10fdf94482b1ae5281611c9dcc
2025-05-22,825.57,,ft,Approved,,2025-07-21T20:07:18.640525+00:00,e9286e10fdf94482b1ae5281611c9dcc
2025-05-23,825.57,,ft,Approved,,2025-07-21T20:07:18.640525+00:00,e9286e10fdf94482b1ae5281611c9dcc
2025-05-24,825.57,,ft,Approved,,2025-07-21T20:07:18.640525+00:00,e9286e10fdf94482b1ae5281611c9dcc
2025-05-25,825.55,,ft,Approved,,2025-07-21T20:07:18.640525+00:00,e9286e10fdf94482b1ae5281611c9dcc
2025-05-26,825.55,,ft,Approved,,2025-07-21T20:07:18.640525+00:00,e9286e10fdf94482b1ae5281611c9dcc
2025-05-27,826.57,,ft,Approved,,2025-07-21T20:07:18.640525+00:00,e9286e10fdf94482b1ae5281611c9dcc
2025-05-28,826.49,,ft,Approved,,2025-07-21T20:07:18.640525+00:00,e9286e10fdf94482b1ae5281611c9dcc
2025-05-29,827.22,,ft,Approved,,2025-07-21T20:07:18.640525+00:00,e9286e10fdf94482b1ae5281611c9dcc
2025-05-30,828.19,,ft,Approved,,2025-07-21T20:07:18.640525+00:00,e9286e10fdf94482b1ae5281611c9dcc
2025-05-31,827.38,,ft,Approved,,2025-07-21T20:07:18.640525+00:00,e9286e10fdf94482b1ae5281611c9dcc
2025-06-01,826.53,,ft,Approved,,2025-07-21T20:07:18.640525+00:00,e9286e10fdf94482b1ae5281611c9dcc
2025-06-02,826.18,,ft,Approved,,2025-07-21T20:07:18.640525+00:00,e9286e10fdf94482b1ae5281611c9dcc
2025-06-03,826.04,,ft,Approved,,2025-07-21T20:07:18.640525+00:00,e9286e10fdf94482b1ae5281611c9dcc
2025-06-04,826.02,,ft,Approved,,2025-07-21T20:07:18.640525+00:00,e9286e10fdf94482b1ae5281611c9dcc
2025-06-05,825.92,,ft,Approved,,2025-07-21T20:07:18.640525+00:00,e9286e10fdf94482b1ae5281611c9dcc
2025-06-06,825.84,,ft,Approved,,2025-07-21T20:07:18.640525+00:00,e9286e10fdf94482b1ae5281611c9dcc
2025-06-07,825.78,,ft,Approved,,2025-07-21T20:07:18.640525+00:00,e9286e10fdf94482b1ae5281611c9dcc
2025-06-08,825.73,,ft,Approved,,2025-07-21T20:07:18.640525+00:00,e9286e10fdf94482b1ae5281611c9dcc
2025-06-09,825.83,,ft,Approved,,2025-07-21T20:07:18.640525+00:00,e9286e10fdf94482b1ae5281611c9dcc
2025-06-10,825.88,,ft,Approved,,2025-08-20T18:33:14.255912+00:00,e9286e10fdf94482b1ae5281611c9dcc
2025-06-11,826.15,,ft,Approved,,2025-12-16T20:55:17.214498+00:00,e9286e10fdf94482b1ae5281611c9dcc
2025-06-12,826.23,,ft,Approved,,2025-12-16T20:55:17.214498+00:00,e9286e10fdf94482b1ae5281611c9dcc
2025-06-13,826.1,,ft,Approved,,2025-12-16T20:55:17.214498+00:00,e9286e10fdf94482b1ae5281611c9dcc
2025-06-14,825.97,,ft,Approved,,2025-12-16T20:55:17.214498+00:00,e9286e10fdf94482b1ae5281611c9dcc
2025-06-15,825.87,,ft,Approved,,2025-12-16T20:55:17.214498+00:00,e9286e10fdf94482b1ae5281611c9dcc
2025-06-16,825.81,,ft,Approved,,2025-12-16T20:55:17.214498+00:00,e9286e10fdf94482b1ae5281611c9dcc
2025-06-17,825.75,,ft,Approved,,2025-12-16T20:55:17.214498+00:00,e9286e10fdf94482b1ae5281611c9dcc
2025-06-18,825.7,,ft,Approved,,2025-12-16T20:55:17.214498+00:00,e9286e10fdf94482b1ae5281611c9dcc
2025-06-19,825.65,,ft,Approved,,2025-12-16T20:55:17.214498+00:00,e9286e10fdf94482b1ae5281611c9dcc
2025-06-20,825.62,,ft,Approved,,2025-12-16T20:55:17.214498+00:00,e9286e10fdf94482b1ae5281611c9dcc
2025-06-21,825.6,,ft,Approved,,2025-12-16T20:55:17.214498+00:00,e9286e10fdf94482b1ae5281611c9dcc
2025-06-22,825.58,,ft,Approved,,2025-12-16T20:55:17.214498+00:00,e9286e10fdf94482b1ae5281611c9dcc
2025-06-23,825.56,,ft,Approved,,2025-12-16T20:55:17.214498+00:00,e9286e10fdf94482b1ae5281611c9dcc
2025-06-24,825.55,,ft,Approved,,2025-12-16T20:55:17.214498+00:00,e9286e10fdf94482b1ae5281611c9dcc
2025-06-25,825.62,,ft,Approved,,2025-12-16T20:55:17.214498+00:00,e9286e10fdf94482b1ae5281611c9dcc
2025-06-26,825.61,,ft,Approved,,2025-12-16T20:55:17.214498+00:00,e9286e10fdf94482b1ae5281611c9dcc
2025-06-27,825.58,,ft,Approved,,2025-12-16T20:55:17.214498+00:00,e9286e10fdf94482b1ae5281611c9dcc
2025-06-28,825.55,,ft,Approved,,2025-12-16T20:55:17.214498+00:00,e9286e10fdf94482b1ae5281611c9dcc
2025-06-29,825.53,,ft,Approved,,2025-12-16T20:55:17.214498+00:00,e9286e10fdf94482b1ae5281611c9dcc
2025-06-30,825.51,,ft,Approved,,2025-12-16T20:55:17.214498+00:00,e9286e10fdf94482b1ae5281611c9dcc
2025-07-01,825.54,,ft,Approved,,2025-12-16T20:55:17.214498+00:00,e9286e10fdf94482b1ae5281611c9dcc
2025-07-02,825.54,,ft,Approved,,2025-12-16T20:55:17.214498+00:00,e9286e10fdf94482b1ae5281611c9dcc
2025-07-03,825.84,,ft,Approved,,2025-12-16T20:55:17.214498+00:00,e9286e10fdf94482b1ae5281611c9dcc
2025-07-04,827.32,,ft,Approved,,2025-12-16T20:55:17.214498+00:00,e9286e10fdf94482b1ae5281611c9dcc
2025-07-05,830.85,,ft,Approved,,2025-12-16T20:55:17.214498+00:00,e9286e10fdf94482b1ae5281611c9dcc
2025-07-06,832.19,,ft,Approved,,2025-12-16T20:55:17.214498+00:00,e9286e10fdf94482b1ae5281611c9dcc
2025-07-07,831.32,,ft,Approved,,2025-12-16T20:55:17.214498+00:00,e9286e10fdf94482b1ae5281611c9dcc
2025-07-08,829.57,,ft,Approved,,2025-12-16T20:55:17.214498+00:00,e9286e10fdf94482b1ae5281611c9dcc
2025-07-09,827.48,,ft,Approved,,2025-12-16T20:55:17.214498+00:00,e9286e10fdf94482b1ae5281611c9dcc
2025-07-10,826.54,,ft,Approved,,2025-12-16T20:55:17.214498+00:00,e9286e10fdf94482b1ae5281611c9dcc
2025-07-11,826.24,,ft,Approved,,2025-12-16T20:55:17.214498+00:00,e9286e10fdf94482b1ae5281611c9dcc
2025-07-12,826.15,,ft,Approved,,2025-12-16T20:55:17.214498+00:00,e9286e10fdf94482b1ae5281611c9dcc
2025-07-13,826.34,,ft,Approved,,2025-12-16T20:55:17.214498+00:00,e9286e10fdf94482b1ae5281611c9dcc
2025-07-14,826.73,,ft,Approved,,2025-12-16T20:55:17.214498+00:00,e9286e10fdf94482b1ae5281611c9dcc
2025-07-15,826.36,,ft,Approved,,2025-12-16T20:55:17.214498+00:00,e9286e10fdf94482b1ae5281611c9dcc
2025-07-16,826.14,,ft,Approved,,2025-12-16T20:55:17.214498+00:00,e9286e10fdf94482b1ae5281611c9dcc
2025-07-17,826.01,,ft,Approved,,2025-12-16T20:55:17.214498+00:00,e9286e10fdf94482b1ae5281611c9dcc
2025-07-18,825.93,,ft,Approved,,2025-12-16T20:55:17.214498+00:00,e9286e10fdf94482b1ae5281611c9dcc
2025-07-19,825.88,,ft,Approved,,2025-12-16T20:55:17.214498+00:00,e9286e10fdf94482b1ae5281611c9dcc
2025-07-20,825.83,,ft,Approved,,2025-12-16T20:55:17.214498+00:00,e9286e10fdf94482b1ae5281611c9dcc
2025-07-21,825.81,,ft,Approved,,2025-12-16T20:55:17.214498+00:00,e9286e10fdf94482b1ae5281611c9dcc
2025-07-22,825.78,,ft,Approved,,2025-12-16T20:55:17.214498+00:00,e9286e10fdf94482b1ae5281611c9dcc
2025-07-23,825.77,,ft,Approved,,2025-12-16T20:55:17.214498+00:00,e9286e10fdf94482b1ae5281611c9dcc
2025-07-24,825.72,,ft,Approved,,2025-12-16T20:55:17.214498+00:00,e9286e10fdf94482b1ae5281611c9dcc
2025-07-25,825.68,,ft,Approved,,2025-12-16T20:55:17.214498+00:00,e9286e10fdf94482b1ae5281611c9dcc
2025-07-26,825.68,,ft,Approved,,2025-12-16T20:55:17.214498+00:00,e9286e10fdf94482b1ae5281611c9dcc
2025-07-27,825.68,,ft,Approved,,2025-12-16T20:55:17.214498+00:00,e9286e10fdf94482b1ae5281611c9dcc
2025-07-28,825.66,,ft,Approved,,2025-12-16T20:55:17.214498+00:00,e9286e10fdf94482b1ae5281611c9dcc
2025-07-29,825.63,,ft,Approved,,2025-12-16T20:55:17.214498+00:00,e9286e10fdf94482b1ae5281611c9dcc
2025-07-30,825.6,,ft,Approved,,2025-12-16T20:55:17.214498+00:00,e9286e10fdf94482b1ae5281611c9dcc
2025-07-31,825.58,,ft,Approved,,2025-12-16T20:55:17.214498+00:00,e9286e10fdf94482b1ae5281611c9dcc
2025-08-01,825.57,,ft,Approved,,2025-12-16T20:55:17.214498+00:00,e9286e10fdf94482b1ae5281611c9dcc
2025-08-02,825.56,,ft,Approved,,2025-12-16T20:55:17.214498+00:00,e9286e10fdf94482b1ae5281611c9dcc
2025-08-03,825.55,,ft,Approved,,2025-12-16T20:55:17.214498+00:00,e9286e10fdf94482b1ae5281611c9dcc
2025-08-04,825.54,,ft,Approved,,2025-12-16T20:55:17.214498+00:00,e9286e10fdf94482b1ae5281611c9dcc
2025-08-05,825.54,,ft,Approved,,2025-12-16T20:55:17.214498+00:00,e9286e10fdf94482b1ae5281611c9dcc
2025-08-06,825.53,,ft,Approved,,2025-12-16T20:55:17.214498+00:00,e9286e10fdf94482b1ae5281611c9dcc
2025-08-07,825.51,,ft,Approved,,2026-01-12T19:29:21.922510+00:00,e9286e10fdf94482b1ae5281611c9dcc
2025-08-08,825.49,,ft,Approved,,2026-01-12T19:29:21.922510+00:00,e9286e10fdf94482b1ae5281611c9dcc
2025-08-09,825.47,,ft,Approved,,2026-01-12T19:29:21.922510+00:00,e9286e10fdf94482b1ae5281611c9dcc
2025-08-10,825.45,,ft,Approved,,2026-01-12T19:29:21.922510+00:00,e9286e10fdf94482b1ae5281611c9dcc
2025-08-11,825.44,,ft,Approved,,2026-01-12T19:29:21.922510+00:00,e9286e10fdf94482b1ae5281611c9dcc
2025-08-12,825.43,,ft,Approved,,2026-01-12T19:29:21.922510+00:00,e9286e10fdf94482b1ae5281611c9dcc
2025-08-13,825.42,,ft,Approved,,2026-01-12T19:29:21.922510+00:00,e9286e10fdf94482b1ae5281611c9dcc
2025-08-14,825.42,,ft,Approved,,2026-01-12T19:29:21.922510+00:00,e9286e10fdf94482b1ae5281611c9dcc
2025-08-15,825.41,,ft,Approved,,2026-01-12T19:29:21.922510+00:00,e9286e10fdf94482b1ae5281611c9dcc
2025-08-16,825.41,,ft,Approved,,2026-01-12T19:29:21.922510+00:00,e9286e10fdf94482b1ae5281611c9dcc
2025-08-17,825.4,,ft,Approved,,2026-01-12T19:29:21.922510+00:00,e9286e10fdf94482b1ae5281611c9dcc
2025-08-18,825.39,,ft,Approved,,2026-01-12T19:29:21.922510+00:00,e9286e10fdf94482b1ae5281611c9dcc
2025-08-19,825.38,,ft,Approved,,2026-01-12T19:29:21.922510+00:00,e9286e10fdf94482b1ae5281611c9dcc
2025-08-20,825.38,,ft,Approved,,2026-01-12T19:29:21.922510+00:00,e9286e10fdf94482b1ae5281611c9dcc
2025-08-21,825.39,,ft,Approved,,2026-01-12T19:29:21.922510+00:00,e9286e10fdf94482b1ae5281611c9dcc
2025-08-22,825.47,,ft,Approved,,2026-01-12T19:29:21.922510+00:00,e9286e10fdf94482b1ae5281611c9dcc
2025-08-23,825.48,,ft,Approved,,2026-01-12T19:29:21.922510+00:00,e9286e10fdf94482b1ae5281611c9dcc
2025-08-24,825.46,,ft,Approved,,2026-01-12T19:29:21.922510+00:00,e9286e10fdf94482b1ae5281611c9dcc
2025-08-25,825.45,,ft,Approved,,2026-01-12T19:29:21.922510+00:00,e9286e10fdf94482b1ae5281611c9dcc
2025-08-26,825.44,,ft,Approved,,2026-01-12T19:29:21.922510+00:00,e9286e10fdf94482b1ae5281611c9dcc
2025-08-27,825.42,,ft,Approved,,2026-01-12T19:29:21.922510+00:00,e9286e10fdf94482b1ae5281611c9dcc
2025-08-28,825.41,,ft,Approved,,2026-01-12T19:29:21.922510+00:00,e9286e10fdf94482b1ae5281611c9dcc
2025-08-29,825.4,,ft,Approved,,2026-01-12T19:29:21.922510+00:00,e9286e10fdf94482b1ae5281611c9dcc
2025-08-30,825.44,,ft,Approved,,2026-01-12T19:29:21.922510+00:00,e9286e10fdf94482b1ae5281611c9dcc
2025-08-31,825.55,,ft,Approved,,2026-01-12T19:29:21.922510+00:00,e9286e10fdf94482b1ae5281611c9dcc
2025-09-01,825.58,,ft,Approved,,2026-01-12T19:29:21.922510+00:00,e9286e10fdf94482b1ae5281611c9dcc
2025-09-02,825.56,,ft,Approved,,2026-01-12T19:29:21.922510+00:00,e9286e10fdf94482b1ae5281611c9dcc
2025-09-03,825.53,,ft,Approved,,2026-01-12T19:29:21.922510+00:00,e9286e10fdf94482b1ae5281611c9dcc
2025-09-04,825.5,,ft,Approved,,2026-01-12T19:29:21.922510+00:00,e9286e10fdf94482b1ae5281611c9dcc
2025-09-05,825.47,,ft,Approved,,2026-01-12T19:29:21.922510+00:00,e9286e10fdf94482b1ae5281611c9dcc
2025-09-06,825.45,,ft,Approved,,2026-01-12T19:29:21.922510+00:00,e9286e10fdf94482b1ae5281611c9dcc
2025-09-07,825.45,,ft,Approved,,2026-01-12T19:29:21.922510+00:00,e9286e10fdf94482b1ae5281611c9dcc
2025-09-08,825.47,,ft,Approved,,2026-01-12T19:29:21.922510+00:00,e9286e10fdf94482b1ae5281611c9dcc
2025-09-09,825.46,,ft,Approved,,2026-01-12T19:29:21.922510+00:00,e9286e10fdf94482b1ae5281611c9dcc
2025-09-10,825.45,,ft,Approved,,2026-01-12T19:29:21.922510+00:00,e9286e10fdf94482b1ae5281611c9dcc
2025-09-11,825.43,,ft,Approved,,2026-01-12T19:29:21.922510+00:00,e9286e10fdf94482b1ae5281611c9dcc
2025-09-12,825.42,,ft,Approved,,2026-01-12T19:29:21.922510+00:00,e9286e10fdf94482b1ae5281611c9dcc
2025-09-13,825.41,,ft,Approved,,2026-01-12T19:29:21.922510+00:00,e9286e10fdf94482b1ae5281611c9dcc
2025-09-14,825.4,,ft,Approved,,2026-01-12T19:29:21.922510+00:00,e9286e10fdf94482b1ae5281611c9dcc
2025-09-15,825.38,,ft,Approved,,2026-01-12T19:29:21.922510+00:00,e9286e10fdf94482b1ae5281611c9dcc
2025-09-16,825.37,,ft,Approved,,2026-01-12T19:29:21.922510+00:00,e9286e10fdf94482b1ae5281611c9dcc
2025-09-17,825.36,,ft,Approved,,2026-01-12T19:29:21.922510+00:00,e9286e10fdf94482b1ae5281611c9dcc
2025-09-18,825.36,,ft,Approved,,2026-01-12T19:29:21.922510+00:00,e9286e10fdf94482b1ae5281611c9dcc
2025-09-19,825.35,,ft,Approved,,2026-01-12T19:29:21.922510+00:00,e9286e10fdf94482b1ae5281611c9dcc
2025-09-20,825.34,,ft,Approved,,2026-01-12T19:29:21.922510+00:00,e9286e10fdf94482b1ae5281611c9dcc
2025-09-21,825.33,,ft,Approved,,2026-01-12T19:29:21.922510+00:00,e9286e10fdf94482b1ae5281611c9dcc
2025-09-22,825.32,,ft,Approved,,2026-01-12T19:29:21.922510+00:00,e9286e10fdf94482b1ae5281611c9dcc
2025-09-23,825.31,,ft,Approved,,2026-01-12T19:29:21.922510+00:00,e9286e10fdf94482b1ae5281611c9dcc
2025-09-24,825.31,,ft,Approved,,2026-01-12T19:29:21.922510+00:00,e9286e10fdf94482b1ae5281611c9dcc
2025-09-25,825.32,,ft,Approved,,2026-01-12T19:29:21.922510+00:00,e9286e10fdf94482b1ae5281611c9dcc
2025-09-26,825.31,,ft,Approved,,2026-01-12T19:29:21.922510+00:00,e9286e10fdf94482b1ae5281611c9dcc
2025-09-27,825.3,,ft,Approved,,2026-01-12T19:29:21.922510+00:00,e9286e10fdf94482b1ae5281611c9dcc
2025-09-28,825.29,,ft,Approved,,2026-01-12T19:29:21.922510+00:00,e9286e10fdf94482b1ae5281611c9dcc
2025-09-29,825.28,,ft,Approved,,2026-01-12T19:29:21.922510+00:00,e9286e10fdf94482b1ae5281611c9dcc
2025-09-30,825.28,,ft,Approved,,2026-01-12T19:29:21.922510+00:00,e9286e10fdf94482b1ae5281611c9dcc
2025-10-01,825.63,,ft,Approved,,2026-01-12T19:29:21.922510+00:00,e9286e10fdf94482b1ae5281611c9dcc
2025-10-02,825.63,,ft,Approved,,2026-01-12T19:29:21.922510+00:00,e9286e10fdf94482b1ae5281611c9dcc
2025-10-03,825.62,,ft,Approved,,2026-01-12T19:29:21.922510+00:00,e9286e10fdf94482b1ae5281611c9dcc
2025-10-04,825.61,,ft,Approved,,2026-01-12T19:29:21.922510+00:00,e9286e10fdf94482b1ae5281611c9dcc
2025-10-05,825.6,,ft,Approved,,2026-01-12T19:29:21.922510+00:00,e9286e10fdf94482b1ae5281611c9dcc
2025-10-06,825.59,,ft,Approved,,2026-01-12T19:29:21.922510+00:00,e9286e10fdf94482b1ae5281611c9dcc
2025-10-07,825.58,,ft,Approved,,2026-01-12T19:29:21.922510+00:00,e9286e10fdf94482b1ae5281611c9dcc
2025-10-08,825.58,,ft,Approved,,2026-01-12T19:29:21.922510+00:00,e9286e10fdf94482b1ae5281611c9dcc
2025-10-09,825.57,,ft,Approved,,2026-01-12T19:29:21.922510+00:00,e9286e10fdf94482b1ae5281611c9dcc
2025-10-10,825.56,,ft,Approved,,2026-01-12T19:29:21.922510+00:00,e9286e10fdf94482b1ae5281611c9dcc
2025-10-11,825.55,,ft,Approved,,2026-01-12T19:29:21.922510+00:00,e9286e10fdf94482b1ae5281611c9dcc
2025-10-12,825.54,,ft,Approved,,2026-01-12T19:29:21.922510+00:00,e9286e10fdf94482b1ae5281611c9dcc
2025-10-13,825.53,,ft,Approved,,2026-01-12T19:29:21.922510+00:00,e9286e10fdf94482b1ae5281611c9dcc
2025-10-14,825.52,,ft,Approved,,2026-01-12T19:29:21.922510+00:00,e9286e10fdf94482b1ae5281611c9dcc
2025-10-15,825.51,,ft,Approved,,2026-01-12T19:29:21.922510+00:00,e9286e10fdf94482b1ae5281611c9dcc
2025-10-16,825.5,,ft,Approved,,2026-01-12T19:29:21.922510+00:00,e9286e10fdf94482b1ae5281611c9dcc
2025-10-17,825.5,,ft,Approved,,2026-01-12T19:29:21.922510+00:00,e9286e10fdf94482b1ae5281611c9dcc
2025-10-18,825.5,,ft,Approved,,2026-01-12T19:29:21.922510+00:00,e9286e10fdf94482b1ae5281611c9dcc
2025-10-19,825.48,,ft,Approved,,2026-01-12T19:29:21.922510+00:00,e9286e10fdf94482b1ae5281611c9dcc
2025-10-20,825.48,,ft,Approved,,2026-01-12T19:29:21.922510+00:00,e9286e10fdf94482b1ae5281611c9dcc
2025-10-21,825.47,,ft,Approved,,2026-01-12T19:29:21.922510+00:00,e9286e10fdf94482b1ae5281611c9dcc
2025-10-22,825.45,,ft,Approved,,2026-01-12T19:29:21.922510+00:00,e9286e10fdf94482b1ae5281611c9dcc
2025-10-23,825.45,,ft,Approved,,2026-01-12T19:29:21.922510+00:00,e9286e10fdf94482b1ae5281611c9dcc
2025-10-24,825.45,,ft,Approved,,2026-01-12T19:29:21.922510+00:00,e9286e10fdf94482b1ae5281611c9dcc
2025-10-25,827.07,,ft,Approved,,2026-01-12T19:29:21.922510+00:00,e9286e10fdf94482b1ae5281611c9dcc
2025-10-26,827.36,,ft,Approved,,2026-01-12T19:29:21.922510+00:00,e9286e10fdf94482b1ae5281611c9dcc
2025-10-27,826.89,,ft,Approved,,2026-01-12T19:29:21.922510+00:00,e9286e10fdf94482b1ae5281611c9dcc
2025-10-28,826.55,,ft,Approved,,2026-01-12T19:29:21.922510+00:00,e9286e10fdf94482b1ae5281611c9dcc
2025-10-29,826.32,,ft,Approved,,2026-01-12T19:29:21.922510+00:00,e9286e10fdf94482b1ae5281611c9dcc
2025-10-30,826.21,,ft,Approved,,2026-01-12T19:29:21.922510+00:00,e9286e10fdf94482b1ae5281611c9dcc
2025-10-31,826.14,,ft,Approved,,2026-01-12T19:29:21.922510+00:00,e9286e10fdf94482b1ae5281611c9dcc
2025-11-01,826.1,,ft,Approved,,2026-01-12T19:29:21.922510+00:00,e9286e10fdf94482b1ae5281611c9dcc
2025-11-02,826.08,,ft,Approved,,2026-01-12T19:29:21.922510+00:00,e9286e10fdf94482b1ae5281611c9dcc
2025-11-03,826.05,,ft,Approved,,2026-01-12T19:29:21.922510+00:00,e9286e10fdf94482b1ae5281611c9dcc
2025-11-04,826.04,,ft,Approved,,2026-01-12T19:29:21.922510+00:00,e9286e10fdf94482b1ae5281611c9dcc
2025-11-05,826.05,,ft,Approved,,2026-01-12T19:29:21.922510+00:00,e9286e10fdf94482b1ae5281611c9dcc
2025-11-06,826.02,,ft,Approved,,2026-01-12T19:29:21.922510+00:00,e9286e10fdf94482b1ae5281611c9dcc
2025-11-07,826.01,,ft,Approved,,2026-01-12T19:29:21.922510+00:00,e9286e10fdf94482b1ae5281611c9dcc
2025-11-08,826.0,,ft,Approved,,2026-01-12T19:29:21.922510+00:00,e9286e10fdf94482b1ae5281611c9dcc
2025-11-09,825.98,,ft,Approved,,2026-01-12T19:29:21.922510+00:00,e9286e10fdf94482b1ae5281611c9dcc
2025-11-10,825.95,,ft,Approved,,2026-01-12T19:29:21.922510+00:00,e9286e10fdf94482b1ae5281611c9dcc
2025-11-11,825.94,,ft,Approved,,2026-01-12T19:29:21.922510+00:00,e9286e10fdf94482b1ae5281611c9dcc
2025-11-12,825.95,,ft,Approved,,2026-01-12T19:29:21.922510+00:00,e9286e10fdf94482b1ae5281611c9dcc
2025-11-13,825.95,,ft,Approved,,2026-01-12T19:29:21.922510+00:00,e9286e10fdf94482b1ae5281611c9dcc
2025-11-14,825.97,,ft,Approved,,2026-01-12T19:29:21.922510+00:00,e9286e10fdf94482b1ae5281611c9dcc
2025-11-15,825.98,,ft,Approved,,2026-01-12T19:29:21.922510+00:00,e9286e10fdf94482b1ae5281611c9dcc
2025-11-16,825.99,,ft,Approved,,2026-01-12T19:29:21.922510+00:00,e9286e10fdf94482b1ae5281611c9dcc
2025-11-17,826.0,,ft,Approved,,2026-01-12T19:29:21.922510+00:00,e9286e10fdf94482b1ae5281611c9dcc
2025-11-18,826.01,,ft,Approved,,2026-01-12T19:29:21.922510+00:00,e9286e10fdf94482b1ae5281611c9dcc
2025-11-19,826.03,,ft,Approved,,2026-03-04T16:25:21.566120+00:00,e9286e10fdf94482b1ae5281611c9dcc
2025-11-20,826.05,,ft,Approved,,2026-03-04T16:25:21.566120+00:00,e9286e10fdf94482b1ae5281611c9dcc
2025-11-21,826.07,,ft,Approved,,2026-03-04T16:25:21.566120+00:00,e9286e10fdf94482b1ae5281611c9dcc
2025-11-22,826.08,,ft,Approved,,2026-03-04T16:25:21.566120+00:00,e9286e10fdf94482b1ae5281611c9dcc
2025-11-23,826.08,,ft,Approved,,2026-03-04T16:25:21.566120+00:00,e9286e10fdf94482b1ae5281611c9dcc
2025-11-24,826.1,,ft,Approved,,2026-03-04T16:25:21.566120+00:00,e9286e10fdf94482b1ae5281611c9dcc
2025-11-25,826.11,,ft,Approved,,2026-03-04T16:25:21.566120+00:00,e9286e10fdf94482b1ae5281611c9dcc
2025-11-26,826.1,,ft,Approved,,2026-03-04T16:25:21.566120+00:00,e9286e10fdf94482b1ae5281611c9dcc
2025-11-27,826.08,,ft,Approved,,2026-03-04T16:25:21.566120+00:00,e9286e10fdf94482b1ae5281611c9dcc
2025-11-28,826.08,,ft,Approved,,2026-03-04T16:25:21.566120+00:00,e9286e10fdf94482b1ae5281611c9dcc
2025-11-29,826.09,,ft,Approved,,2026-03-04T16:25:21.566120+00:00,e9286e10fdf94482b1ae5281611c9dcc
2025-11-30,826.08,,ft,Approved,,2026-03-04T16:25:21.566120+00:00,e9286e10fdf94482b1ae5281611c9dcc
2025-12-01,826.08,,ft,Approved,,2026-03-04T16:25:21.566120+00:00,e9286e10fdf94482b1ae5281611c9dcc
2025-12-02,826.08,,ft,Approved,,2026-03-04T16:25:21.566120+00:00,e9286e10fdf94482b1ae5281611c9dcc
2025-12-03,826.09,,ft,Approved,,2026-03-04T16:25:21.566120+00:00,e9286e10fdf94482b1ae5281611c9dcc
2025-12-04,826.12,,ft,Approved,,2026-03-04T16:25:21.566120+00:00,e9286e10fdf94482b1ae5281611c9dcc
2025-12-05,826.13,,ft,Approved,,2026-03-04T16:25:21.566120+00:00,e9286e10fdf94482b1ae5281611c9dcc
2025-12-06,826.14,,ft,Approved,,2026-03-04T16:25:21.566120+00:00,e9286e10fdf94482b1ae5281611c9dcc
2025-12-07,826.14,,ft,Approved,,2026-03-04T16:25:21.566120+00:00,e9286e10fdf94482b1ae5281611c9dcc
2025-12-08,826.13,,ft,Approved,,2026-03-04T16:25:21.566120+00:00,e9286e10fdf94482b1ae5281611c9dcc
2025-12-09,826.13,,ft,Approved,,2026-03-04T16:25:21.566120+00:00,e9286e10fdf94482b1ae5281611c9dcc
2025-12-10,826.13,,ft,Approved,,2026-03-04T16:25:21.566120+00:00,e9286e10fdf94482b1ae5281611c9dcc
2025-12-11,826.12,,ft,Approved,,2026-03-04T16:25:21.566120+00:00,e9286e10fdf94482b1ae5281611c9dcc
2025-12-12,826.12,,ft,Approved,,2026-03-04T16:25:21.566120+00:00,e9286e10fdf94482b1ae5281611c9dcc
2025-12-13,826.14,,ft,Approved,,2026-03-04T16:25:21.566120+00:00,e9286e10fdf94482b1ae5281611c9dcc
2025-12-14,826.14,,ft,Approved,,2026-03-04T16:25:21.566120+00:00,e9286e10fdf94482b1ae5281611c9dcc
2025-12-15,826.14,,ft,Approved,,2026-03-04T16:25:21.566120+00:00,e9286e10fdf94482b1ae5281611c9dcc
2025-12-16,826.15,,ft,Approved,,2026-03-04T16:25:21.566120+00:00,e9286e10fdf94482b1ae5281611c9dcc
2025-12-17,826.17,,ft,Approved,,2026-03-04T16:25:21.566120+00:00,e9286e10fdf94482b1ae5281611c9dcc
2025-12-18,826.18,,ft,Approved,,2026-03-04T16:25:21.566120+00:00,e9286e10fdf94482b1ae5281611c9dcc
2025-12-19,826.15,,ft,Approved,,2026-03-04T16:25:21.566120+00:00,e9286e10fdf94482b1ae5281611c9dcc
2025-12-20,826.14,,ft,Approved,,2026-03-04T16:25:21.566120+00:00,e9286e10fdf94482b1ae5281611c9dcc
2025-12-21,826.13,,ft,Approved,,2026-03-04T16:25:21.566120+00:00,e9286e10fdf94482b1ae5281611c9dcc
2025-12-22,826.12,,ft,Approved,,2026-03-04T16:25:21.566120+00:00,e9286e10fdf94482b1ae5281611c9dcc
2025-12-23,826.13,,ft,Approved,,2026-03-04T16:25:21.566120+00:00,e9286e10fdf94482b1ae5281611c9dcc
2025-12-24,826.12,,ft,Approved,,2026-03-04T16:25:21.566120+00:00,e9286e10fdf94482b1ae5281611c9dcc
2025-12-25,826.07,,ft,Approved,,2026-03-04T16:25:21.566120+00:00,e9286e10fdf94482b1ae5281611c9dcc
2025-12-26,826.04,,ft,Approved,,2026-03-04T16:25:21.566120+00:00,e9286e10fdf94482b1ae5281611c9dcc
2025-12-27,826.01,,ft,Approved,,2026-03-04T16:25:21.566120+00:00,e9286e10fdf94482b1ae5281611c9dcc
2025-12-28,825.99,,ft,Approved,,2026-03-04T16:25:21.566120+00:00,e9286e10fdf94482b1ae5281611c9dcc
2025-12-29,825.95,,ft,Approved,,2026-03-04T16:25:21.566120+00:00,e9286e10fdf94482b1ae5281611c9dcc
2025-12-30,825.93,,ft,Approved,,2026-03-04T16:25:21.566120+00:00,e9286e10fdf94482b1ae5281611c9dcc
2025-12-31,825.93,,ft,Approved,,2026-03-04T16:25:21.566120+00:00,e9286e10fdf94482b1ae5281611c9dcc
2026-01-01,825.94,,ft,Approved,,2026-03-04T16:25:21.566120+00:00,e9286e10fdf94482b1ae5281611c9dcc
2026-01-02,825.94,,ft,Approved,,2026-03-04T16:25:21.566120+00:00,e9286e10fdf94482b1ae5281611c9dcc
2026-01-03,825.94,,ft,Approved,,2026-03-04T16:25:21.566120+00:00,e9286e10fdf94482b1ae5281611c9dcc
2026-01-04,825.94,,ft,Approved,,2026-03-04T16:25:21.566120+00:00,e9286e10fdf94482b1ae5281611c9dcc
2026-01-05,825.94,,ft,Approved,,2026-03-04T16:25:21.566120+00:00,e9286e10fdf94482b1ae5281611c9dcc
2026-01-06,825.95,,ft,Approved,,2026-03-04T16:25:21.566120+00:00,e9286e10fdf94482b1ae5281611c9dcc
2026-01-07,825.96,,ft,Approved,,2026-03-04T16:25:21.566120+00:00,e9286e10fdf94482b1ae5281611c9dcc
2026-01-08,825.96,,ft,Approved,,2026-03-04T16:25:21.566120+00:00,e9286e10fdf94482b1ae5281611c9dcc
2026-01-09,825.96,,ft,Approved,,2026-03-04T16:25:21.566120+00:00,e9286e10fdf94482b1ae5281611c9dcc
2026-01-10,825.94,,ft,Approved,,2026-03-04T16:25:21.566120+00:00,e9286e10fdf94482b1ae5281611c9dcc
2026-01-11,825.92,,ft,Approved,,2026-03-04T16:25:21.566120+00:00,e9286e10fdf94482b1ae5281611c9dcc
2026-01-12,825.92,,ft,Approved,,2026-03-04T16:25:21.566120+00:00,e9286e10fdf94482b1ae5281611c9dcc
2026-01-13,825.93,,ft,Approved,,2026-03-04T16:25:21.566120+00:00,e9286e10fdf94482b1ae5281611c9dcc
2026-01-14,825.93,,ft,Approved,,2026-03-04T16:25:21.566120+00:00,e9286e10fdf94482b1ae5281611c9dcc
2026-01-15,825.93,,ft,Approved,,2026-03-04T16:25:21.566120+00:00,e9286e10fdf94482b1ae5281611c9dcc
2026-01-16,825.93,,ft,Approved,,2026-03-04T16:25:21.566120+00:00,e9286e10fdf94482b1ae5281611c9dcc
2026-01-17,825.92,,ft,Approved,,2026-03-04T16:25:21.566120+00:00,e9286e10fdf94482b1ae5281611c9dcc
2026-01-18,825.91,,ft,Approved,,2026-03-04T16:25:21.566120+00:00,e9286e10fdf94482b1ae5281611c9dcc
2026-01-19,825.92,,ft,Approved,,2026-03-04T16:25:21.566120+00:00,e9286e10fdf94482b1ae5281611c9dcc
2026-01-20,825.92,,ft,Approved,,2026-03-04T16:25:21.566120+00:00,e9286e10fdf94482b1ae5281611c9dcc
2026-01-21,825.94,,ft,Approved,,2026-03-04T16:25:21.566120+00:00,e9286e10fdf94482b1ae5281611c9dcc
2026-01-22,825.95,,ft,Approved,,2026-03-04T16:25:21.566120+00:00,e9286e10fdf94482b1ae5281611c9dcc
2026-01-23,825.97,,ft,Approved,,2026-03-04T16:25:21.566120+00:00,e9286e10fdf94482b1ae5281611c9dcc
2026-01-24,827.61,,ft,Approved,,2026-03-04T16:25:21.566120+00:00,e9286e10fdf94482b1ae5281611c9dcc
2026-01-25,827.35,,ft,Approved,,2026-03-04T16:25:21.566120+00:00,e9286e10fdf94482b1ae5281611c9dcc
2026-01-26,826.8,,ft,Approved,,2026-03-04T16:25:21.566120+00:00,e9286e10fdf94482b1ae5281611c9dcc
2026-01-27,826.62,,ft,Approved,,2026-03-04T16:25:21.566120+00:00,e9286e10fdf94482b1ae5281611c9dcc
2026-01-28,826.48,,ft,Approved,,2026-03-04T16:25:21.566120+00:00,e9286e10fdf94482b1ae5281611c9dcc
2026-01-29,826.4,,ft,Approved,,2026-03-04T16:25:21.566120+00:00,e9286e10fdf94482b1ae5281611c9dcc
2026-01-30,826.31,,ft,Approved,,2026-05-07T15:56:16.308618+00:00,e9286e10fdf94482b1ae5281611c9dcc
2026-01-31,826.23,,ft,Approved,,2026-05-07T15:56:16.308618+00:00,e9286e10fdf94482b1ae5281611c9dcc
2026-02-01,826.18,,ft,Approved,,2026-05-07T15:56:16.308618+00:00,e9286e10fdf94482b1ae5281611c9dcc
2026-02-02,826.16,,ft,Approved,,2026-05-07T15:56:16.308618+00:00,e9286e10fdf94482b1ae5281611c9dcc
2026-02-03,826.15,,ft,Approved,,2026-05-07T15:56:16.308618+00:00,e9286e10fdf94482b1ae5281611c9dcc
2026-02-04,826.13,,ft,Approved,,2026-05-07T15:56:16.308618+00:00,e9286e10fdf94482b1ae5281611c9dcc
2026-02-05,826.1,,ft,Approved,,2026-05-07T15:56:16.308618+00:00,e9286e10fdf94482b1ae5281611c9dcc
2026-02-06,826.09,,ft,Approved,,2026-05-07T15:56:16.308618+00:00,e9286e10fdf94482b1ae5281611c9dcc
2026-02-07,826.08,,ft,Approved,,2026-05-07T15:56:16.308618+00:00,e9286e10fdf94482b1ae5281611c9dcc
2026-02-08,826.07,,ft,Approved,,2026-05-07T15:56:16.308618+00:00,e9286e10fdf94482b1ae5281611c9dcc
2026-02-09,826.06,,ft,Approved,,2026-05-07T15:56:16.308618+00:00,e9286e10fdf94482b1ae5281611c9dcc
2026-02-10,826.06,,ft,Approved,,2026-05-07T15:56:16.308618+00:00,e9286e10fdf94482b1ae5281611c9dcc
2026-02-11,826.05,,ft,Approved,,2026-05-07T15:56:16.308618+00:00,e9286e10fdf94482b1ae5281611c9dcc
2026-02-12,826.03,,ft,Approved,,2026-05-07T15:56:16.308618+00:00,e9286e10fdf94482b1ae5281611c9dcc
2026-02-13,826.02,,ft,Approved,,2026-05-07T15:56:16.308618+00:00,e9286e10fdf94482b1ae5281611c9dcc
2026-02-14,826.1,,ft,Approved,,2026-05-07T15:56:16.308618+00:00,e9286e10fdf94482b1ae5281611c9dcc
2026-02-15,826.35,,ft,Approved,,2026-05-07T15:56:16.308618+00:00,e9286e10fdf94482b1ae5281611c9dcc
2026-02-16,826.24,,ft,Approved,,2026-05-07T15:56:16.308618+00:00,e9286e10fdf94482b1ae5281611c9dcc
2026-02-17,826.17,,ft,Approved,,2026-05-07T15:56:16.308618+00:00,e9286e10fdf94482b1ae5281611c9dcc
2026-02-18,826.13,,ft,Approved,,2026-05-07T15:56:16.308618+00:00,e9286e10fdf94482b1ae5281611c9dcc
2026-02-19,826.11,,ft,Approved,,2026-05-07T15:56:16.308618+00:00,e9286e10fdf94482b1ae5281611c9dcc
2026-02-20,826.08,,ft,Approved,,2026-05-07T15:56:16.308618+00:00,e9286e10fdf94482b1ae5281611c9dcc
2026-02-21,826.05,,ft,Approved,,2026-05-07T15:56:16.308618+00:00,e9286e10fdf94482b1ae5281611c9dcc
2026-02-22,826.02,,ft,Approved,,2026-05-07T15:56:16.308618+00:00,e9286e10fdf94482b1ae5281611c9dcc
2026-02-23,826.01,,ft,Approved,,2026-05-07T15:56:16.308618+00:00,e9286e10fdf94482b1ae5281611c9dcc
2026-02-24,826.02,,ft,Approved,,2026-05-07T15:56:16.308618+00:00,e9286e10fdf94482b1ae5281611c9dcc
2026-02-25,826.02,,ft,Approved,,2026-05-07T15:56:16.308618+00:00,e9286e10fdf94482b1ae5281611c9dcc
2026-02-26,826.03,,ft,Approved,,2026-05-07T15:56:16.308618+00:00,e9286e10fdf94482b1ae5281611c9dcc
2026-02-27,826.02,,ft,Approved,,2026-05-07T15:56:16.308618+00:00,e9286e10fdf94482b1ae5281611c9dcc
2026-02-28,826.02,,ft,Approved,,2026-05-07T15:56:16.308618+00:00,e9286e10fdf94482b1ae5281611c9dcc
2026-03-01,826.01,,ft,Approved,,2026-05-07T15:56:16.308618+00:00,e9286e10fdf94482b1ae5281611c9dcc
2026-03-02,826.01,,ft,Approved,,2026-05-07T15:56:16.308618+00:00,e9286e10fdf94482b1ae5281611c9dcc
2026-03-03,826.02,,ft,Approved,,2026-05-07T15:56:16.308618+00:00,e9286e10fdf94482b1ae5281611c9dcc
2026-03-04,826.01,,ft,Approved,,2026-05-07T15:56:16.308618+00:00,e9286e10fdf94482b1ae5281611c9dcc
2026-03-05,826.01,,ft,Approved,,2026-05-07T15:56:16.308618+00:00,e9286e10fdf94482b1ae5281611c9dcc
2026-03-06,826.01,,ft,Approved,,2026-05-07T15:56:16.308618+00:00,e9286e10fdf94482b1ae5281611c9dcc
2026-03-07,826.01,,ft,Approved,,2026-05-07T15:56:16.308618+00:00,e9286e10fdf94482b1ae5281611c9dcc
2026-03-08,826.02,,ft,Approved,,2026-05-07T15:56:16.308618+00:00,e9286e10fdf94482b1ae5281611c9dcc
2026-03-09,826.02,,ft,Approved,,2026-05-07T15:56:16.308618+00:00,e9286e10fdf94482b1ae5281611c9dcc
2026-03-10,826.03,,ft,Approved,,2026-05-07T15:56:16.308618+00:00,e9286e10fdf94482b1ae5281611c9dcc
2026-03-11,826.3,,ft,Approved,,2026-05-07T15:56:16.308618+00:00,e9286e10fdf94482b1ae5281611c9dcc
2026-03-12,826.4,,ft,Approved,,2026-05-07T15:56:16.308618+00:00,e9286e10fdf94482b1ae5281611c9dcc
2026-03-13,826.24,,ft,Approved,,2026-05-07T15:56:16.308618+00:00,e9286e10fdf94482b1ae5281611c9dcc
2026-03-14,826.16,,ft,Approved,,2026-05-07T15:56:16.308618+00:00,e9286e10fdf94482b1ae5281611c9dcc
2026-03-15,826.12,,ft,Approved,,2026-05-07T15:56:16.308618+00:00,e9286e10fdf94482b1ae5281611c9dcc
2026-03-16,826.06,,ft,Approved,,2026-05-07T15:56:16.308618+00:00,e9286e10fdf94482b1ae5281611c9dcc
2026-03-17,826.04,,ft,Approved,,2026-05-07T15:56:16.308618+00:00,e9286e10fdf94482b1ae5281611c9dcc
2026-03-18,826.03,,ft,Approved,,2026-05-07T15:56:16.308618+00:00,e9286e10fdf94482b1ae5281611c9dcc
2026-03-19,826.03,,ft,Approved,,2026-05-07T15:56:16.308618+00:00,e9286e10fdf94482b1ae5281611c9dcc
2026-03-20,826.02,,ft,Approved,,2026-05-07T15:56:16.308618+00:00,e9286e10fdf94482b1ae5281611c9dcc
2026-03-21,826.01,,ft,Approved,,2026-05-07T15:56:16.308618+00:00,e9286e10fdf94482b1ae5281611c9dcc
2026-03-22,826.01,,ft,Approved,,2026-05-07T15:56:16.308618+00:00,e9286e10fdf94482b1ae5281611c9dcc
2026-03-23,825.99,,ft,Approved,,2026-05-07T15:56:16.308618+00:00,e9286e10fdf94482b1ae5281611c9dcc
2026-03-24,825.99,,ft,Approved,,2026-05-07T15:56:16.308618+00:00,e9286e10fdf94482b1ae5281611c9dcc
2026-03-25,825.99,,ft,Approved,,2026-05-07T15:56:16.308618+00:00,e9286e10fdf94482b1ae5281611c9dcc
2026-03-26,826.0,,ft,Approved,,2026-05-07T15:56:16.308618+00:00,e9286e10fdf94482b1ae5281611c9dcc
2026-03-27,825.98,,ft,Approved,,2026-05-07T15:56:16.308618+00:00,e9286e10fdf94482b1ae5281611c9dcc
2026-03-28,825.96,,ft,Approved,,2026-05-07T15:56:16.308618+00:00,e9286e10fdf94482b1ae5281611c9dcc
2026-03-29,825.95,,ft,Approved,,2026-05-07T15:56:16.308618+00:00,e9286e10fdf94482b1ae5281611c9dcc
2026-03-30,825.95,,ft,Approved,,2026-05-07T15:56:16.308618+00:00,e9286e10fdf94482b1ae5281611c9dcc
2026-03-31,825.94,,ft,Approved,,2026-05-07T15:56:16.308618+00:00,e9286e10fdf94482b1ae5281611c9dcc
2026-04-01,825.93,,ft,Approved,,2026-05-07T15:56:16.308618+00:00,e9286e10fdf94482b1ae5281611c9dcc
2026-04-02,826.48,,ft,Approved,,2026-05-07T15:56:16.308618+00:00,e9286e10fdf94482b1ae5281611c9dcc
2026-04-03,826.82,,ft,Approved,,2026-05-07T15:56:16.308618+00:00,e9286e10fdf94482b1ae5281611c9dcc
2026-04-04,826.62,,ft,Approved,,2026-05-07T15:56:16.308618+00:00,e9286e10fdf94482b1ae5281611c9dcc
2026-04-05,826.8,,ft,Approved,,2026-05-07T15:56:16.308618+00:00,e9286e10fdf94482b1ae5281611c9dcc
2026-04-06,826.49,,ft,Approved,,2026-07-01T14:02:17.617971+00:00,e9286e10fdf94482b1ae5281611c9dcc
2026-04-07,826.31,,ft,Approved,,2026-07-01T14:02:17.617971+00:00,e9286e10fdf94482b1ae5281611c9dcc
2026-04-08,826.21,,ft,Approved,,2026-07-01T14:02:17.617971+00:00,e9286e10fdf94482b1ae5281611c9dcc
2026-04-09,826.19,,ft,Approved,,2026-07-01T14:02:17.617971+00:00,e9286e10fdf94482b1ae5281611c9dcc
2026-04-10,826.35,,ft,Approved,,2026-07-01T14:02:17.617971+00:00,e9286e10fdf94482b1ae5281611c9dcc
2026-04-11,826.3,,ft,Approved,,2026-07-01T14:02:17.617971+00:00,e9286e10fdf94482b1ae5281611c9dcc
2026-04-12,826.28,,ft,Approved,,2026-07-01T14:02:17.617971+00:00,e9286e10fdf94482b1ae5281611c9dcc
2026-04-13,826.36,,ft,Approved,,2026-07-01T14:02:17.617971+00:00,e9286e10fdf94482b1ae5281611c9dcc
2026-04-14,826.29,,ft,Approved,,2026-07-01T14:02:17.617971+00:00,e9286e10fdf94482b1ae5281611c9dcc
2026-04-15,826.22,,ft,Approved,,2026-07-01T14:02:17.617971+00:00,e9286e10fdf94482b1ae5281611c9dcc
2026-04-16,826.17,,ft,Approved,,2026-07-01T14:02:17.617971+00:00,e9286e10fdf94482b1ae5281611c9dcc
2026-04-17,826.12,,ft,Approved,,2026-07-01T14:02:17.617971+00:00,e9286e10fdf94482b1ae5281611c9dcc
2026-04-18,826.07,,ft,Approved,,2026-07-01T14:02:17.617971+00:00,e9286e10fdf94482b1ae5281611c9dcc
2026-04-19,826.31,,ft,Approved,,2026-07-01T14:02:17.617971+00:00,e9286e10fdf94482b1ae5281611c9dcc
2026-04-20,826.33,,ft,Approved,,2026-07-01T14:02:17.617971+00:00,e9286e10fdf94482b1ae5281611c9dcc
2026-04-21,827.45,,ft,Approved,,2026-07-01T14:02:17.617971+00:00,e9286e10fdf94482b1ae5281611c9dcc
2026-04-22,827.36,,ft,Approved,,2026-07-01T14:02:17.617971+00:00,e9286e10fdf94482b1ae5281611c9dcc
2026-04-23,826.87,,ft,Approved,,2026-07-01T14:02:17.617971+00:00,e9286e10fdf94482b1ae5281611c9dcc
2026-04-24,826.59,,ft,Approved,,2026-07-01T14:02:17.617971+00:00,e9286e10fdf94482b1ae5281611c9dcc
2026-04-25,826.4,,ft,Approved,,2026-07-01T14:02:17.617971+00:00,e9286e10fdf94482b1ae5281611c9dcc
2026-04-26,826.31,,ft,Approved,,2026-07-01T14:02:17.617971+00:00,e9286e10fdf94482b1ae5281611c9dcc
2026-04-27,826.25,,ft,Approved,,2026-07-01T14:02:17.617971+00:00,e9286e10fdf94482b1ae5281611c9dcc
2026-04-28,826.21,,ft,Approved,,2026-07-01T14:02:17.617971+00:00,e9286e10fdf94482b1ae5281611c9dcc
2026-04-29,826.19,,ft,Approved,,2026-07-01T14:02:17.617971+00:00,e9286e10fdf94482b1ae5281611c9dcc
2026-04-30,826.28,,ft,Approved,,2026-07-01T14:02:17.617971+00:00,e9286e10fdf94482b1ae5281611c9dcc
2026-05-01,827.29,,ft,Approved,,2026-07-01T14:02:17.617971+00:00,e9286e10fdf94482b1ae5281611c9dcc
2026-05-02,827.35,,ft,Approved,,2026-07-01T14:02:17.617971+00:00,e9286e10fdf94482b1ae5281611c9dcc
2026-05-03,826.87,,ft,Approved,,2026-07-01T14:02:17.617971+00:00,e9286e10fdf94482b1ae5281611c9dcc
2026-05-04,826.6,,ft,Approved,,2026-07-01T14:02:17.617971+00:00,e9286e10fdf94482b1ae5281611c9dcc
2026-05-05,826.46,,ft,Approved,,2026-07-01T14:02:17.617971+00:00,e9286e10fdf94482b1ae5281611c9dcc
2026-05-06,826.37,,ft,Approved,,2026-07-01T14:02:17.617971+00:00,e9286e10fdf94482b1ae5281611c9dcc
2026-05-07,826.3,,ft,Approved,,2026-07-01T14:02:17.617971+00:00,e9286e10fdf94482b1ae5281611c9dcc
2026-05-08,826.25,,ft,Approved,,2026-07-01T14:02:17.617971+00:00,e9286e10fdf94482b1ae5281611c9dcc
2026-05-09,826.22,,ft,Approved,,2026-07-01T14:02:17.617971+00:00,e9286e10fdf94482b1ae5281611c9dcc
2026-05-10,826.23,,ft,Approved,,2026-07-01T14:02:17.617971+00:00,e9286e10fdf94482b1ae5281611c9dcc
2026-05-11,827.57,,ft,Approved,,2026-07-01T14:02:17.617971+00:00,e9286e10fdf94482b1ae5281611c9dcc
2026-05-12,826.98,,ft,Approved,,2026-07-01T14:02:17.617971+00:00,e9286e10fdf94482b1ae5281611c9dcc
2026-05-13,826.62,,ft,Approved,,2026-07-01T14:02:17.617971+00:00,e9286e10fdf94482b1ae5281611c9dcc
2026-05-14,826.43,,ft,Approved,,2026-07-01T14:02:17.617971+00:00,e9286e10fdf94482b1ae5281611c9dcc
2026-05-15,826.31,,ft,Approved,,2026-07-01T14:02:17.617971+00:00,e9286e10fdf94482b1ae5281611c9dcc
2026-05-16,826.24,,ft,Approved,,2026-07-01T14:02:17.617971+00:00,e9286e10fdf94482b1ae5281611c9dcc
2026-05-17,826.19,,ft,Approved,,2026-07-01T14:02:17.617971+00:00,e9286e10fdf94482b1ae5281611c9dcc
2026-05-18,826.16,,ft,Approved,,2026-07-01T14:02:17.617971+00:00,e9286e10fdf94482b1ae5281611c9dcc
2026-05-19,826.19,,ft,Approved,,2026-07-01T14:02:17.617971+00:00,e9286e10fdf94482b1ae5281611c9dcc
2026-05-20,827.68,,ft,Approved,,2026-07-01T14:02:17.617971+00:00,e9286e10fdf94482b1ae5281611c9dcc
2026-05-21,827.19,,ft,Approved,,2026-07-01T14:02:17.617971+00:00,e9286e10fdf94482b1ae5281611c9dcc
2026-05-22,827.5,,ft,Approved,,2026-07-01T14:02:17.617971+00:00,e9286e10fdf94482b1ae5281611c9dcc
2026-05-23,826.95,,ft,Approved,,2026-07-01T14:02:17.617971+00:00,e9286e10fdf94482b1ae5281611c9dcc
2026-05-24,826.66,,ft,Approved,,2026-07-01T14:02:17.617971+00:00,e9286e10fdf94482b1ae5281611c9dcc
2026-05-25,826.48,,ft,Approved,,2026-07-01T14:02:17.617971+00:00,e9286e10fdf94482b1ae5281611c9dcc
2026-05-26,826.43,,ft,Approved,,2026-07-01T14:02:17.617971+00:00,e9286e10fdf94482b1ae5281611c9dcc
2026-05-27,828.32,,ft,Approved,,2026-07-01T14:02:17.617971+00:00,e9286e10fdf94482b1ae5281611c9dcc
2026-05-28,827.29,,ft,Approved,,2026-07-01T14:02:17.617971+00:00,e9286e10fdf94482b1ae5281611c9dcc
2026-05-29,826.84,,ft,Approved,,2026-07-01T14:02:17.617971+00:00,e9286e10fdf94482b1ae5281611c9dcc
2026-05-30,826.6,,ft,Approved,,2026-07-01T14:02:17.617971+00:00,e9286e10fdf94482b1ae5281611c9dcc
2026-05-31,826.47,,ft,Approved,,2026-07-01T14:02:17.617971+00:00,e9286e10fdf94482b1ae5281611c9dcc
2026-06-01,826.39,,ft,Approved,,2026-07-01T14:02:17.617971+00:00,e9286e10fdf94482b1ae5281611c9dcc
2026-06-02,826.35,,ft,Approved,,2026-07-01T14:02:17.617971+00:00,e9286e10fdf94482b1ae5281611c9dcc
2026-06-03,826.29,,ft,Approved,,2026-07-01T14:02:17.617971+00:00,e9286e10fdf94482b1ae5281611c9dcc
2026-06-04,826.25,,ft,Approved,,2026-07-01T14:02:17.617971+00:00,e9286e10fdf94482b1ae5281611c9dcc
2026-06-05,826.4,,ft,Approved,,2026-07-01T14:02:17.617971+00:00,e9286e10fdf94482b1ae5281611c9dcc
2026-06-06,827.41,,ft,Approved,,2026-07-01T14:02:17.617971+00:00,e9286e10fdf94482b1ae5281611c9dcc
2026-06-07,826.91,,ft,Approved,,2026-07-01T14:02:17.617971+00:00,e9286e10fdf94482b1ae5281611c9dcc
2026-06-08,826.6,,ft,Approved,,2026-07-01T14:02:17.617971+00:00,e9286e10fdf94482b1ae5281611c9dcc
2026-06-09,826.46,,ft,Approved,,2026-07-01T14:02:17.617971+00:00,e9286e10fdf94482b1ae5281611c9dcc
2026-06-10,826.35,,ft,Approved,,2026-07-01T14:02:17.617971+00:00,e9286e10fdf94482b1ae5281611c9dcc
2026-06-11,826.27,,ft,Approved,,2026-07-01T14:02:17.617971+00:00,e9286e10fdf94482b1ae5281611c9dcc
2026-06-12,826.22,,ft,Approved,,2026-07-01T14:02:17.617971+00:00,e9286e10fdf94482b1ae5281611c9dcc
2026-06-13,826.18,,ft,Approved,,2026-07-01T14:02:17.617971+00:00,e9286e10fdf94482b1ae5281611c9dcc
2026-06-14,826.16,,ft,Approved,,2026-07-01T14:02:17.617971+00:00,e9286e10fdf94482b1ae5281611c9dcc
2026-06-15,833.2,,ft,Approved,,2026-07-01T14:02:17.617971+00:00,e9286e10fdf94482b1ae5281611c9dcc
2026-06-16,833.71,,ft,Approved,,2026-07-01T14:02:17.617971+00:00,e9286e10fdf94482b1ae5281611c9dcc
2026-06-17,832.33,,ft,Approved,,2026-07-01T14:02:17.617971+00:00,e9286e10fdf94482b1ae5281611c9dcc
2026-06-18,830.51,,ft,Approved,,2026-09-17T16:55:19.263971+00:00,e9286e10fdf94482b1ae5281611c9dcc
2026-06-19,828.31,,ft,Approved,,2026-09-17T16:55:19.263971+00:00,e9286e10fdf94482b1ae5281611c9dcc
2026-06-20,827.15,,ft,Approved,,2026-09-17T16:55:19.263971+00:00,e9286e10fdf94482b1ae5281611c9dcc
2026-06-21,826.87,,ft,Approved,,2026-09-17T16:55:19.263971+00:00,e9286e10fdf94482b1ae5281611c9dcc
2026-06-22,826.84,,ft,Approved,,2026-09-17T16:55:19.263971+00:00,e9286e10fdf94482b1ae5281611c9dcc
2026-06-23,826.91,,ft,Approved,,2026-09-17T16:55:19.263971+00:00,e9286e10fdf94482b1ae5281611c9dcc
2026-06-24,826.89,,ft,Approved,,2026-09-17T16:55:19.263971+00:00,e9286e10fdf94482b1ae5281611c9dcc
2026-06-25,826.72,,ft,Approved,,2026-09-17T16:55:19.263971+00:00,e9286e10fdf94482b1ae5281611c9dcc
2026-06-26,826.64,,ft,Approved,,2026-09-17T16:55:19.263971+00:00,e9286e10fdf94482b1ae5281611c9dcc
2026-06-27,826.58,,ft,Approved,,2026-09-17T16:55:19.263971+00:00,e9286e10fdf94482b1ae5281611c9dcc
2026-06-28,826.54,,ft,Approved,,2026-09-17T16:55:19.263971+00:00,e9286e10fdf94482b1ae5281611c9dcc
2026-06-29,826.51,,ft,Approved,,2026-09-17T16:55:19.263971+00:00,e9286e10fdf94482b1ae5281611c9dcc
2026-06-30,826.5,,ft,Approved,,2026-09-17T16:55:19.263971+00:00,e9286e10fdf94482b1ae5281611c9dcc
2026-07-01,826.51,,ft,Approved,,2026-09-17T16:55:19.263971+00:00,e9286e10fdf94482b1ae5281611c9dcc
2026-07-02,826.54,,ft,Approved,,2026-09-17T16:55:19.263971+00:00,e9286e10fdf94482b1ae5281611c9dcc
2026-07-03,826.54,,ft,Approved,,2026-09-17T16:55:19.263971+00:00,e9286e10fdf94482b1ae5281611c9dcc
2026-07-04,826.55,,ft,Approved,,2026-09-17T16:55:19.263971+00:00,e9286e10fdf94482b1ae5281611c9dcc
2026-07-05,826.51,,ft,Approved,,2026-09-17T16:55:19.263971+00:00,e9286e10fdf94482b1ae5281611c9dcc
2026-07-06,826.42,,ft,Approved,,2026-09-17T16:55:19.263971+00:00,e9286e10fdf94482b1ae5281611c9dcc
2026-07-07,826.34,,ft,Approved,,2026-09-17T16:55:19.263971+00:00,e9286e10fdf94482b1ae5281611c9dcc
2026-07-08,826.28,,ft,Approved,,2026-09-17T16:55:19.263971+00:00,e9286e10fdf94482b1ae5281611c9dcc
2026-07-09,826.23,,ft,Approved,,2026-09-17T16:55:19.263971+00:00,e9286e10fdf94482b1ae5281611c9dcc
2026-07-10,826.22,,ft,Approved,,2026-09-17T16:55:19.263971+00:00,e9286e10fdf94482b1ae5281611c9dcc
2026-07-11,826.23,,ft,Approved,,2026-09-17T16:55:19.263971+00:00,e9286e10fdf94482b1ae5281611c9dcc
2026-07-12,826.33,,ft,Approved,,2026-09-17T16:55:19.263971+00:00,e9286e10fdf94482b1ae5281611c9dcc
2026-07-13,826.31,,ft,Approved,,2026-09-17T16:55:19.263971+00:00,e9286e10fdf94482b1ae5281611c9dcc
2026-07-14,826.6,,ft,Approved,,2026-09-17T16:55:19.263971+00:00,e9286e10fdf94482b1ae5281611c9dcc
2026-07-15,827.2,,ft,Approved,,2026-09-17T16:55:19.263971+00:00,e9286e10fdf94482b1ae5281611c9dcc
2026-07-16,827.71,,ft,Approved,,2026-09-17T16:55:19.263971+00:00,e9286e10fdf94482b1ae5281611c9dcc
2026-07-17,827.69,,ft,Approved,,2026-09-17T16:55:19.263971+00:00,e9286e10fdf94482b1ae5281611c9dcc
2026-07-18,826.98,,ft,Approved,,2026-09-17T16:55:19.263971+00:00,e9286e10fdf94482b1ae5281611c9dcc
2026-07-19,826.67,,ft,Approved,,2026-09-17T16:55:19.263971+00:00,e9286e10fdf94482b1ae5281611c9dcc
2026-07-20,826.5,,ft,Approved,,2026-09-17T16:55:19.263971+00:00,e9286e10fdf94482b1ae5281611c9dcc
2026-07-21,826.39,,ft,Approved,,2026-09-17T16:55:19.263971+00:00,e9286e10fdf94482b1ae5281611c9dcc
2026-07-22,826.33,,ft,Approved,,2026-09-17T16:55:19.263971+00:00,e9286e10fdf94482b1ae5281611c9dcc
2026-07-23,826.28,,ft,Approved,,2026-09-17T16:55:19.263971+00:00,e9286e10fdf94482b1ae5281611c9dcc
2026-07-24,826.24,,ft,Approved,,2026-09-17T16:55:19.263971+00:00,e9286e10fdf94482b1ae5281611c9dcc
2026-07-25,826.2,,ft,Approved,,2026-09-17T16:55:19.263971+00:00,e9286e10fdf94482b1ae5281611c9dcc
2026-07-26,826.16,,ft,Approved,,2026-09-17T16:55:19.263971+00:00,e9286e10fdf94482b1ae5281611c9dcc
2026-07-27,826.13,,ft,Approved,,2026-09-17T16:55:19.263971+00:00,e9286e10fdf94482b1ae5281611c9dcc
2026-07-28,826.1,,ft,Approved,,2026-09-17T16:55:19.263971+00:00,e9286e10fdf94482b1ae5281611c9dcc
2026-07-29,826.08,,ft,Approved,,2026-09-17T16:55:19.263971+00:00,e9286e10fdf94482b1ae5281611c9dcc
2026-07-30,826.06,,ft,Approved,,2026-09-17T16:55:19.263971+00:00,e9286e10fdf94482b1ae5281611c9dcc
2026-07-31,826.05,,ft,Approved,,2026-09-17T16:55:19.263971+00:00,e9286e10fdf94482b1ae5281611c9dcc
2026-08-01,826.03,,ft,Approved,,2026-09-17T16:55:19.263971+00:00,e9286e10fdf94482b1ae5281611c9dcc
2026-08-02,826.01,,ft,Approved,,2026-09-17T16:55:19.263971+00:00,e9286e10fdf94482b1ae5281611c9dcc
2026-08-03,825.99,,ft,Approved,,2026-09-17T16:55:19.263971+00:00,e9286e10fdf94482b1ae5281611c9dcc
2026-08-04,825.97,,ft,Approved,,2026-09-17T16:55:19.263971+00:00,e9286e10fdf94482b1ae5281611c9dcc
2026-08-05,825.94,,ft,Approved,,2026-09-17T16:55:19.263971+00:00,e9286e10fdf94482b1ae5281611c9dcc
2026-08-06,825.93,,ft,Approved,,2026-09-17T16:55:19.263971+00:00,e9286e10fdf94482b1ae5281611c9dcc
2026-08-07,825.92,,ft,Approved,,2026-09-17T16:55:19.263971+00:00,e9286e10fdf94482b1ae5281611c9dcc
2026-08-08,825.9,,ft,Approved,,2026-09-17T16:55:19.263971+00:00,e9286e10fdf94482b1ae5281611c9dcc
2026-08-09,825.89,,ft,Approved,,2026-09-17T16:55:19.263971+00:00,e9286e10fdf94482b1ae5281611c9dcc
2026-08-10,825.88,,ft,Approved,,2026-09-17T16:55:19.263971+00:00,e9286e10fdf94482b1ae5281611c9dcc
2026-08-11,825.88,,ft,Approved,,2026-09-17T16:55:19.263971+00:00,e9286e10fdf94482b1ae5281611c9dcc
2026-08-12,825.87,,ft,Approved,,2026-09-17T16:55:19.263971+00:00,e9286e10fdf94482b1ae5281611c9dcc
2026-08-13,825.87,,ft,Approved,,2026-09-17T16:55:19.263971+00:00,e9286e10fdf94482b1ae5281611c9dcc
2026-08-14,825.86,,ft,Approved,,2026-09-17T16:55:19.263971+00:00,e9286e10fdf94482b1ae5281611c9dcc
2026-08-15,825.84,,ft,Approved,,2026-09-17T16:55:19.263971+00:00,e9286e10fdf94482b1ae5281611c9dcc
2026-08-16,825.83,,ft,Approved,,2026-09-17T16:55:19.263971+00:00,e9286e10fdf94482b1ae5281611c9dcc
2026-08-17,825.83,,ft,Approved,,2026-09-17T16:55:19.263971+00:00,e9286e10fdf94482b1ae5281611c9dcc
2026-08-18,825.82,,ft,Approved,,2026-09-17T16:55:19.263971+00:00,e9286e10fdf94482b1ae5281611c9dcc
2026-08-19,825.81,,ft,Approved,,2026-09-17T16:55:19.263971+00:00,e9286e10fdf94482b1ae5281611c9dcc
2026-08-20,825.8,,ft,Approved,,2026-09-17T16:55:19.263971+00:00,e9286e10fdf94482b1ae5281611c9dcc
2026-08-21,825.79,,ft,Approved,,2026-09-17T16:55:19.263971+00:00,e9286e10fdf94482b1ae5281611c9dcc
2026-08-22,825.78,,ft,Approved,,2026-09-17T16:55:19.263971+00:00,e9286e10fdf94482b1ae5281611c9dcc
2026-08-23,825.76,,ft,Approved,,2026-09-17T16:55:19.263971+00:00,e9286e10fdf94482b1ae5281611c9dcc
2026-08-24,825.74,,ft,Approved,,2026-09-17T16:55:19.263971+00:00,e9286e10fdf94482b1ae5281611c9dcc
2026-08-25,825.72,,ft,Approved,,2026-09-17T16:55:19.263971+00:00,e9286e10fdf94482b1ae5281611c9dcc
2026-08-26,825.71,,ft,Approved,,2026-09-17T16:55:19.263971+00:00,e9286e10fdf94482b1ae5281611c9dcc
2026-08-27,825.71,,ft,Provisional,,2026-08-28T08:20:16.552822+00:00,e9286e10fdf94482b1ae5281611c9dcc
2026-08-28,825.76,,ft,Provisional,,2026-08-29T08:13:48.803148+00:00,e9286e10fdf94482b1ae5281611c9dcc
2026-08-29,825.92,,ft,Provisional,,2026-08-30T08:15:15.090524+00:00,e9286e10fdf94482b1ae5281611c9dcc
2026-08-30,825.91,,ft,Provisional,,2026-08-31T08:14:55.896620+00:00,e9286e10fdf94482b1ae5281611c9dcc
2026-08-31,825.87,,ft,Provisional,,2026-09-01T08:15:16.228800+00:00,e9286e10fdf94482b1ae5281611c9dcc
2026-09-01,825.85,,ft,Provisional,,2026-09-02T08:13:39.992058+00:00,e9286e10fdf94482b1ae5281611c9dcc
2026-09-02,825.82,,ft,Provisional,,2026-09-03T08:15:56.147332+00:00,e9286e10fdf94482b1ae5281611c9dcc
2026-09-03,825.81,,ft,Provisional,,2026-09-04T08:13:36.672051+00:00,e9286e10fdf94482b1ae5281611c9dcc
2026-09-04,825.8,,ft,Provisional,,2026-09-05T08:14:41.853488+00:00,e9286e10fdf94482b1ae5281611c9dcc
2026-09-05,825.79,,ft,Provisional,,2026-09-06T08:13:05.830344+00:00,e9286e10fdf94482b1ae5281611c9dcc
2026-09-06,825.78,,ft,Provisional,,2026-09-07T08:13:11.889312+00:00,e9286e10fdf94482b1ae5281611c9dcc
2026-09-07,825.77,,ft,Provisional,,2026-09-08T08:13:41.111645+00:00,e9286e10fdf94482b1ae5281611c9dcc
2026-09-08,825.76,,ft,Provisional,,2026-09-09T08:13:56.207763+00:00,e9286e10fdf94482b1ae5281611c9dcc
2026-09-09,825.74,,ft,Provisional,,2026-09-10T08:13:31.463468+00:00,e9286e10fdf94482b1ae5281611c9dcc
2026-09-10,825.73,,ft,Provisional,,2026-09-11T08:14:00.575078+00:00,e9286e10fdf94482b1ae5281611c9dcc
2026-09-11,825.71,,ft,Provisional,,2026-09-12T08:15:11.722920+00:00,e9286e10fdf94482b1ae5281611c9dcc
2026-09-12,825.7,,ft,Provisional,,2026-09-13T08:14:49.333841+00:00,e9286e10fdf94482b1ae5281611c9dcc
2026-09-13,825.69,,ft,Provisional,,2026-09-14T08:14:12.316896+00:00,e9286e10fdf94482b1ae5281611c9dcc
2026-09-14,825.68,,ft,Provisional,,2026-09-15T08:14:04.025494+00:00,e9286e10fdf94482b1ae5281611c9dcc
2026-09-15,825.67,,ft,Provisional,,2026-09-16T08:13:57.087501+00:00,e9286e10fdf94482b1ae5281611c9dcc
2026-09-16,825.66,,ft,Provisional,,2026-09-17T08:15:20.527200+00:00,e9286e10fdf94482b1ae5281611c9dcc
2026-09-17,825.64,,ft,Provisional,,2026-09-18T08:13:52.629348+00:00,e9286e10fdf94482b1ae5281611c9dcc
2026-09-18,825.63,,ft,Provisional,,2026-09-19T08:13:55.763077+00:00,e9286e10fdf94482b1ae5281611c9dcc
2026-09-19,825.62,,ft,Provisional,,2026-09-20T08:13:44.221494+00:00,e9286e10fdf94482b1ae5281611c9dcc
2026-09-20,825.6,,ft,Provisional,,2026-09-21T08:13:49.315932+00:00,e9286e10fdf94482b1ae5281611c9dcc
2026-09-21,825.59,,ft,Provisional,,2026-09-22T08:14:34.479125+00:00,e9286e10fdf94482b1ae5281611c9dcc
2026-09-22,825.57,,ft,Provisional,,2026-09-23T08:13:49.502492+00:00,e9286e10fdf94482b1ae5281611c9dcc
2026-09-23,825.56,,ft,Provisional,,2026-09-24T08:15:26.569916+00:00,e9286e10fdf94482b1ae5281611c9dcc
2026-09-24,825.55,,ft,Provisional,,2026-09-25T08:14:32.591315+00:00,e9286e10fdf94482b1ae5281611c9dcc
2026-09-25,825.54,,ft,Provisional,,2026-09-26T08:14:59.630279+00:00,e9286e10fdf94482b1ae5281611c9dcc
2026-09-26,825.52,,ft,Provisional,,2026-09-27T08:15:01.248926+00:00,e9286e10fdf94482b1ae5281611c9dcc
2026-09-27,825.51,,ft,Provisional,,2026-09-28T08:15:37.679865+00:00,e9286e10fdf94482b1ae5281611c9dcc
2026-09-28,825.5,,ft,Provisional,,2026-09-29T08:15:53.652195+00:00,e9286e10fdf94482b1ae5281611c9dcc
2026-09-29,825.48,,ft,Provisional,,2026-09-30T08:15:00.949930+00:00,e9286e10fdf94482b1ae5281611c9dcc
2026-09-30,825.47,,ft,Provisional,,2026-10-01T08:15:44.264079+00:00,e9286e10fdf94482b1ae5281611c9dcc
